0.000000 -0.033320
0.100000 -0.023171
0.200000 -0.016334
0.300000 -0.011704
0.400000 -0.008544
0.500000 -0.006367
0.600000 -0.004851
0.700000 -0.003784
0.800000 -0.003025
0.900000 -0.002482
1.000000 -0.002090
1.100000 -0.001808
1.200000 -0.001607
1.300000 -0.001469
1.400000 -0.001381
1.500000 -0.001335
1.600000 -0.001327
1.700000 -0.001357
1.800000 -0.001427
1.900000 -0.001543
2.000000 -0.001716
2.100000 -0.001961
2.200000 -0.002303
2.300000 -0.002777
2.400000 -0.003437
2.500000 -0.004362
2.600000 -0.005670
2.700000 -0.007540
2.800000 -0.010244
2.900000 -0.014190
3.000000 -0.019999
3.100000 -0.028606
3.200000 -0.041405
3.300000 -0.060445
3.400000 -0.088661
3.500000 -0.130127
3.600000 -0.190230
3.700000 -0.275648
3.800000 -0.393887
3.900000 -0.552155
4.000000 -0.755369
4.100000 -1.003426
4.200000 -1.288268
4.300000 -1.591867
4.400000 -1.886428
4.500000 -2.137816
4.600000 -2.312023
4.700000 -2.383109
4.800000 -2.339968
4.900000 -2.189376
5.000000 -1.954120
5.100000 -1.666951
5.200000 -1.362671
5.300000 -1.071097
5.400000 -0.812810
5.500000 -0.598214
5.600000 -0.429124
5.700000 -0.301590
5.800000 -0.208753
5.900000 -0.143044
6.000000 -0.097515
6.100000 -0.066444
6.200000 -0.045445
6.300000 -0.031320
6.400000 -0.021826
6.500000 -0.015425
6.600000 -0.011086
6.700000 -0.008120
6.800000 -0.006072
6.900000 -0.004644
7.000000 -0.003638
7.100000 -0.002921
7.200000 -0.002407
7.300000 -0.002036
7.400000 -0.001769
7.500000 -0.001580
7.600000 -0.001451
7.700000 -0.001370
7.800000 -0.001331
7.900000 -0.001329
8.000000 -0.001366
8.100000 -0.001443
8.200000 -0.001568
8.300000 -0.001752
8.400000 -0.002011
8.500000 -0.002372
8.600000 -0.002874
8.700000 -0.003571
8.800000 -0.004551
8.900000 -0.005939
9.000000 -0.007928
9.100000 -0.010807
9.200000 -0.015015
9.300000 -0.021219
9.400000 -0.030418
9.500000 -0.044103
9.600000 -0.064452
9.700000 -0.094577
9.800000 -0.138763
9.900000 -0.202624
10.000000 -0.293025
10.100000 -0.417524
10.200000 -0.583105
10.300000 -0.794049
10.400000 -1.049109
10.500000 -1.338651
10.600000 -1.642907
10.700000 -1.932687
10.800000 -2.173356
10.900000 -2.331703
11.000000 -2.383885
11.100000 -2.321717
11.200000 -2.154931
11.300000 -1.908499
11.400000 -1.616078
11.500000 -1.312067
11.600000 -1.024932
11.700000 -0.773528
11.800000 -0.566652
11.900000 -0.404938
12.000000 -0.283759
12.100000 -0.196009
12.200000 -0.134150
12.300000 -0.091415
12.400000 -0.062310
12.500000 -0.042660
12.600000 -0.029449
12.700000 -0.020567
12.800000 -0.014574
12.900000 -0.010506
13.000000 -0.007721
13.100000 -0.005795
13.200000 -0.004450
13.300000 -0.003500
13.400000 -0.002822
13.500000 -0.002335
13.600000 -0.001985
13.700000 -0.001733
13.800000 -0.001555
13.900000 -0.001434
14.000000 -0.001361
14.100000 -0.001328
14.200000 -0.001333
14.300000 -0.001376
14.400000 -0.001460
14.500000 -0.001594
14.600000 -0.001789
14.700000 -0.002064
14.800000 -0.002446
14.900000 -0.002975
15.000000 -0.003714
15.100000 -0.004752
15.200000 -0.006225
15.300000 -0.008340
15.400000 -0.011406
15.500000 -0.015897
15.600000 -0.022523
15.700000 -0.032356
15.800000 -0.046987
15.900000 -0.068733
16.000000 -0.100888
16.100000 -0.147952
16.200000 -0.215767
16.300000 -0.311368
16.400000 -0.442329
16.500000 -0.615351
16.600000 -0.833995
16.700000 -1.095791
16.800000 -1.389471
16.900000 -1.693552
17.000000 -1.977555
17.100000 -2.206546
17.200000 -2.348345
17.300000 -2.381385
17.400000 -2.300471
17.500000 -2.118213
17.600000 -1.861576
17.700000 -1.564892
17.800000 -1.261962
17.900000 -0.979801
18.000000 -0.735524
18.100000 -0.536378
18.200000 -0.381903
18.300000 -0.266875
18.400000 -0.183995
18.500000 -0.125793
18.600000 -0.085698
18.700000 -0.058440
18.800000 -0.040056
18.900000 -0.027699
19.000000 -0.019388
19.100000 -0.013776
19.200000 -0.009962
19.300000 -0.007346
19.400000 -0.005535
19.500000 -0.004267
19.600000 -0.003369
19.700000 -0.002729
19.800000 -0.002268
19.900000 -0.001936
20.000000 -0.001698
20.100000 -0.001531
20.200000 -0.001419
20.300000 -0.001353
20.400000 -0.001326
20.500000 -0.001337
20.600000 -0.001387
20.700000 -0.001479
20.800000 -0.001622
20.900000 -0.001829
21.000000 -0.002120
21.100000 -0.002523
21.200000 -0.003083
21.300000 -0.003864
21.400000 -0.004964
21.500000 -0.006529
21.600000 -0.008778
21.700000 -0.012046
21.800000 -0.016837
21.900000 -0.023916
22.000000 -0.034428
22.100000 -0.050069
22.200000 -0.073306
22.300000 -0.107616
22.400000 -0.157725
22.500000 -0.229694
22.600000 -0.330712
22.700000 -0.468330
22.800000 -0.648900
22.900000 -0.875181
23.000000 -1.143399
23.100000 -1.440608
23.200000 -1.743640
23.300000 -2.020861
23.400000 -2.237247
23.500000 -2.361873
23.600000 -2.375621
23.700000 -2.276326
23.800000 -2.079375
23.900000 -1.813522
24.000000 -1.513547
24.100000 -1.212468
24.200000 -0.935764
24.300000 -0.698814
24.400000 -0.507379
24.500000 -0.359988
24.600000 -0.250900
24.700000 -0.172676
24.800000 -0.117945
24.900000 -0.080340
25.000000 -0.054818
25.100000 -0.037620
25.200000 -0.026062
25.300000 -0.018285
25.400000 -0.013029
25.500000 -0.009451
25.600000 -0.006994
25.700000 -0.005289
25.800000 -0.004093
25.900000 -0.003246
26.000000 -0.002640
26.100000 -0.002204
26.200000 -0.001890
26.300000 -0.001665
26.400000 -0.001508
26.500000 -0.001405
26.600000 -0.001345
26.700000 -0.001325
26.800000 -0.001343
26.900000 -0.001399
27.000000 -0.001499
27.100000 -0.001652
27.200000 -0.001872
27.300000 -0.002179
27.400000 -0.002605
27.500000 -0.003196
27.600000 -0.004024
27.700000 -0.005190
27.800000 -0.006852
27.900000 -0.009245
28.000000 -0.012728
28.100000 -0.017842
28.200000 -0.025405
28.300000 -0.036643
28.400000 -0.053365
28.500000 -0.078188
28.600000 -0.114789
28.700000 -0.168113
28.800000 -0.244441
28.900000 -0.351094
29.000000 -0.495553
29.100000 -0.683756
29.200000 -0.917575
29.300000 -1.191851
29.400000 -1.491930
29.500000 -1.793006
29.600000 -2.062438
29.700000 -2.265325
29.800000 -2.372226
29.900000 -2.366619
30.000000 -2.249388
30.100000 -2.038576
30.200000 -1.764509
30.300000 -1.462188
30.400000 -1.163688
30.500000 -0.892874
30.600000 -0.663407
30.700000 -0.479634
30.800000 -0.339160
30.900000 -0.235797
31.000000 -0.162019
31.100000 -0.110579
31.200000 -0.075321
31.300000 -0.051429
31.400000 -0.035342
31.500000 -0.024531
31.600000 -0.017252
31.700000 -0.012328
31.800000 -0.008971
31.900000 -0.006662
32.000000 -0.005058
32.100000 -0.003930
32.200000 -0.003130
32.300000 -0.002557
32.400000 -0.002144
32.500000 -0.001847
32.600000 -0.001635
32.700000 -0.001488
32.800000 -0.001392
32.900000 -0.001339
33.000000 -0.001326
33.100000 -0.001349
33.200000 -0.001413
33.300000 -0.001521
33.400000 -0.001684
33.500000 -0.001916
33.600000 -0.002241
33.700000 -0.002691
33.800000 -0.003317
33.900000 -0.004193
34.000000 -0.005429
34.100000 -0.007195
34.200000 -0.009743
34.300000 -0.013456
34.400000 -0.018915
34.500000 -0.026997
34.600000 -0.039011
34.700000 -0.056887
34.800000 -0.083401
34.900000 -0.122431
35.000000 -0.179149
35.100000 -0.260044
35.200000 -0.372547
35.300000 -0.524022
35.400000 -0.719919
35.500000 -0.961135
35.600000 -1.241056
35.700000 -1.543299
35.800000 -1.841484
35.900000 -2.102121
36.000000 -2.290659
36.100000 -2.379357
36.200000 -2.354421
36.300000 -2.219775
36.400000 -1.995977
36.500000 -1.714704
36.600000 -1.410957
36.700000 -1.115715
36.800000 -0.851175
36.900000 -0.629308
37.000000 -0.453122
37.100000 -0.319383
37.200000 -0.221529
37.300000 -0.151991
37.400000 -0.103667
37.500000 -0.070621
37.600000 -0.048259
37.700000 -0.033211
37.800000 -0.023098
37.900000 -0.016285
38.000000 -0.011671
38.100000 -0.008521
38.200000 -0.006351
38.300000 -0.004840
38.400000 -0.003776
38.500000 -0.003020
38.600000 -0.002478
38.700000 -0.002087
38.800000 -0.001806
38.900000 -0.001606
39.000000 -0.001468
39.100000 -0.001380
39.200000 -0.001334
39.300000 -0.001327
39.400000 -0.001357
39.500000 -0.001428
39.600000 -0.001544
39.700000 -0.001718
39.800000 -0.001964
39.900000 -0.002307
40.000000 -0.002782
40.100000 -0.003444
40.200000 -0.004372
40.300000 -0.005684
40.400000 -0.007560
40.500000 -0.010273
40.600000 -0.014232
40.700000 -0.020061
40.800000 -0.028699
40.900000 -0.041543
41.000000 -0.060650
41.100000 -0.088964
41.200000 -0.130570
41.300000 -0.190866
41.400000 -0.276542
41.500000 -0.395107
41.600000 -0.553757
41.700000 -0.757380
41.800000 -1.005812
41.900000 -1.290917
42.000000 -1.594570
42.100000 -1.888904
42.200000 -2.139749
42.300000 -2.313137
42.400000 -2.383232
42.500000 -2.339081
42.600000 -2.187616
42.700000 -1.951746
42.800000 -1.664274
42.900000 -1.359988
43.000000 -1.068633
43.100000 -0.810704
43.200000 -0.596515
43.300000 -0.427817
43.400000 -0.300624
43.500000 -0.208061
43.600000 -0.142560
43.700000 -0.097183
43.800000 -0.066219
43.900000 -0.045293
44.000000 -0.031218
44.100000 -0.021757
44.200000 -0.015379
44.300000 -0.011054
44.400000 -0.008098
44.500000 -0.006057
44.600000 -0.004634
44.700000 -0.003630
44.800000 -0.002916
44.900000 -0.002403
45.000000 -0.002033
45.100000 -0.001767
45.200000 -0.001579
45.300000 -0.001450
45.400000 -0.001370
45.500000 -0.001331
45.600000 -0.001329
45.700000 -0.001366
45.800000 -0.001444
45.900000 -0.001569
46.000000 -0.001754
46.100000 -0.002014
46.200000 -0.002376
46.300000 -0.002879
46.400000 -0.003579
46.500000 -0.004561
46.600000 -0.005954
46.700000 -0.007949
46.800000 -0.010837
46.900000 -0.015060
47.000000 -0.021286
47.100000 -0.030517
47.200000 -0.044250
47.300000 -0.064671
47.400000 -0.094901
47.500000 -0.139234
47.600000 -0.203299
47.700000 -0.293970
47.800000 -0.418805
47.900000 -0.584776
48.000000 -0.796127
48.100000 -1.051550
48.200000 -1.341325
48.300000 -1.645593
48.400000 -1.935094
48.500000 -2.175169
48.600000 -2.332659
48.700000 -2.383835
48.800000 -2.320669
48.900000 -2.153047
49.000000 -1.906051
49.100000 -1.613381
49.200000 -1.309407
49.300000 -1.022522
49.400000 -0.771489
49.500000 -0.565021
49.600000 -0.403693
49.700000 -0.282844
49.800000 -0.195356
49.900000 -0.133695
50.000000 -0.091104
50.100000 -0.062099
50.200000 -0.042518
50.300000 -0.029354
50.400000 -0.020502
50.500000 -0.014531
50.600000 -0.010476
50.700000 -0.007700
50.800000 -0.005781
50.900000 -0.004440
51.000000 -0.003493
51.100000 -0.002817
51.200000 -0.002332
51.300000 -0.001982
51.400000 -0.001731
51.500000 -0.001553
51.600000 -0.001433
51.700000 -0.001360
51.800000 -0.001328
51.900000 -0.001333
52.000000 -0.001376
52.100000 -0.001461
52.200000 -0.001596
52.300000 -0.001791
52.400000 -0.002067
52.500000 -0.002450
52.600000 -0.002981
52.700000 -0.003721
52.800000 -0.004762
52.900000 -0.006241
53.000000 -0.008362
53.100000 -0.011439
53.200000 -0.015945
53.300000 -0.022594
53.400000 -0.032462
53.500000 -0.047144
53.600000 -0.068967
53.700000 -0.101232
53.800000 -0.148453
53.900000 -0.216482
54.000000 -0.312364
54.100000 -0.443672
54.200000 -0.617090
54.300000 -0.836139
54.400000 -1.098283
54.500000 -1.392166
54.600000 -1.696213
54.700000 -1.979883
54.800000 -2.208231
54.900000 -2.349138
55.000000 -2.381162
55.100000 -2.299267
55.200000 -2.116213
55.300000 -1.859064
55.400000 -1.562183
55.500000 -1.259332
55.600000 -0.977447
55.700000 -0.733552
55.800000 -0.534815
55.900000 -0.380718
56.000000 -0.266009
56.100000 -0.183380
56.200000 -0.125366
56.300000 -0.085406
56.400000 -0.058242
56.500000 -0.039923
56.600000 -0.027610
56.700000 -0.019328
56.800000 -0.013735
56.900000 -0.009934
57.000000 -0.007327
57.100000 -0.005521
57.200000 -0.004257
57.300000 -0.003363
57.400000 -0.002724
57.500000 -0.002265
57.600000 -0.001934
57.700000 -0.001696
57.800000 -0.001530
57.900000 -0.001418
58.000000 -0.001352
58.100000 -0.001326
58.200000 -0.001337
58.300000 -0.001387
58.400000 -0.001480
58.500000 -0.001624
58.600000 -0.001831
58.700000 -0.002123
58.800000 -0.002527
58.900000 -0.003089
59.000000 -0.003872
59.100000 -0.004976
59.200000 -0.006545
59.300000 -0.008802
59.400000 -0.012081
59.500000 -0.016889
59.600000 -0.023992
59.700000 -0.034541
59.800000 -0.050238
59.900000 -0.073556
60.000000 -0.107984
60.100000 -0.158258
60.200000 -0.230452
60.300000 -0.331763
60.400000 -0.469737
60.500000 -0.650708
60.600000 -0.877391
60.700000 -1.145938
60.800000 -1.443315
60.900000 -1.746267
61.000000 -2.023102
61.100000 -2.238797
61.200000 -2.362500
61.300000 -2.375227
61.400000 -2.274972
61.500000 -2.077268
61.600000 -1.810956
61.700000 -1.510833
61.800000 -1.209873
61.900000 -0.933470
62.000000 -0.696911
62.100000 -0.505882
62.200000 -0.358861
62.300000 -0.250080
62.400000 -0.172097
62.500000 -0.117544
62.600000 -0.080067
62.700000 -0.054633
62.800000 -0.037496
62.900000 -0.025979
63.000000 -0.018229
63.100000 -0.012990
63.200000 -0.009425
63.300000 -0.006976
63.400000 -0.005276
63.500000 -0.004085
63.600000 -0.003240
63.700000 -0.002636
63.800000 -0.002201
63.900000 -0.001888
64.000000 -0.001664
64.100000 -0.001507
64.200000 -0.001404
64.300000 -0.001345
64.400000 -0.001325
64.500000 -0.001343
64.600000 -0.001400
64.700000 -0.001501
64.800000 -0.001654
64.900000 -0.001874
65.000000 -0.002182
65.100000 -0.002609
65.200000 -0.003203
65.300000 -0.004032
65.400000 -0.005202
65.500000 -0.006869
65.600000 -0.009271
65.700000 -0.012765
65.800000 -0.017897
65.900000 -0.025487
66.000000 -0.036764
66.100000 -0.053545
66.200000 -0.078455
66.300000 -0.115180
66.400000 -0.168680
66.500000 -0.245243
66.600000 -0.352200
66.700000 -0.497025
66.800000 -0.685634
66.900000 -0.919847
67.000000 -1.194432
67.100000 -1.494643
67.200000 -1.795591
67.300000 -2.064583
67.400000 -2.266733
67.500000 -2.372684
67.600000 -2.366055
67.700000 -2.247890
67.800000 -2.036369
67.900000 -1.761897
68.000000 -1.459477
68.100000 -1.161133
68.200000 -0.890642
68.300000 -0.661573
68.400000 -0.478203
68.500000 -0.338089
68.600000 -0.235022
68.700000 -0.161474
68.800000 -0.110203
68.900000 -0.075065
69.000000 -0.051257
69.100000 -0.035226
69.200000 -0.024453
69.300000 -0.017199
69.400000 -0.012292
69.500000 -0.008947
69.600000 -0.006645
69.700000 -0.005046
69.800000 -0.003922
69.900000 -0.003124
70.000000 -0.002552
70.100000 -0.002141
70.200000 -0.001845
70.300000 -0.001633
70.400000 -0.001487
70.500000 -0.001391
70.600000 -0.001339
70.700000 -0.001326
70.800000 -0.001350
70.900000 -0.001414
71.000000 -0.001522
71.100000 -0.001686
71.200000 -0.001919
71.300000 -0.002244
71.400000 -0.002696
71.500000 -0.003323
71.600000 -0.004202
71.700000 -0.005443
71.800000 -0.007214
71.900000 -0.009770
72.000000 -0.013495
72.100000 -0.018974
72.200000 -0.027084
72.300000 -0.039141
72.400000 -0.057079
72.500000 -0.083686
72.600000 -0.122848
72.700000 -0.179751
72.800000 -0.260893
72.900000 -0.373711
73.000000 -0.525561
73.100000 -0.721865
73.200000 -0.963468
73.300000 -1.243674
73.400000 -1.546010
73.500000 -1.844017
73.600000 -2.104161
73.700000 -2.291918
73.800000 -2.379643
73.900000 -2.353689
74.000000 -2.218139
74.100000 -1.993680
74.200000 -1.712055
74.300000 -1.408257
74.400000 -1.113205
74.500000 -0.849007
74.600000 -0.627543
74.700000 -0.451755
74.800000 -0.318367
74.900000 -0.220798
75.000000 -0.151478
75.100000 -0.103314
75.200000 -0.070381
75.300000 -0.048097
75.400000 -0.033102
75.500000 -0.023025
75.600000 -0.016236
75.700000 -0.011637
75.800000 -0.008498
75.900000 -0.006335
76.000000 -0.004828
76.100000 -0.003768
76.200000 -0.003014
76.300000 -0.002474
76.400000 -0.002084
76.500000 -0.001804
76.600000 -0.001604
76.700000 -0.001467
76.800000 -0.001380
76.900000 -0.001334
77.000000 -0.001327
77.100000 -0.001358
77.200000 -0.001429
77.300000 -0.001546
77.400000 -0.001720
77.500000 -0.001966
77.600000 -0.002310
77.700000 -0.002787
77.800000 -0.003451
77.900000 -0.004381
78.000000 -0.005698
78.100000 -0.007580
78.200000 -0.010302
78.300000 -0.014274
78.400000 -0.020124
78.500000 -0.028792
78.600000 -0.041682
78.700000 -0.060856
78.800000 -0.089268
78.900000 -0.131014
79.000000 -0.191505
79.100000 -0.277439
79.200000 -0.396330
79.300000 -0.555364
79.400000 -0.759395
79.500000 -1.008202
79.600000 -1.293566
79.700000 -1.597273
79.800000 -1.891376
79.900000 -2.141677
80.000000 -2.314243
80.100000 -2.383346
80.200000 -2.338184
80.300000 -2.185849
80.400000 -1.949367
80.500000 -1.661596
80.600000 -1.357305
80.700000 -1.066173
80.800000 -0.808601
80.900000 -0.594819
81.000000 -0.426514
81.100000 -0.299660
81.200000 -0.207371
81.300000 -0.142078
81.400000 -0.096852
81.500000 -0.065995
81.600000 -0.045142
81.700000 -0.031116
81.800000 -0.021689
81.900000 -0.015333
82.000000 -0.011023
82.100000 -0.008076
82.200000 -0.006042
82.300000 -0.004623
82.400000 -0.003623
82.500000 -0.002910
82.600000 -0.002399
82.700000 -0.002030
82.800000 -0.001765
82.900000 -0.001577
83.000000 -0.001449
83.100000 -0.001369
83.200000 -0.001330
83.300000 -0.001330
83.400000 -0.001367
83.500000 -0.001445
83.600000 -0.001571
83.700000 -0.001755
83.800000 -0.002017
83.900000 -0.002380
84.000000 -0.002884
84.100000 -0.003586
84.200000 -0.004572
84.300000 -0.005969
84.400000 -0.007970
84.500000 -0.010868
84.600000 -0.015106
84.700000 -0.021353
84.800000 -0.030617
84.900000 -0.044398
85.000000 -0.064891
85.100000 -0.095225
85.200000 -0.139707
85.300000 -0.203977
85.400000 -0.294917
85.500000 -0.420089
85.600000 -0.586450
85.700000 -0.798209
85.800000 -1.053994
85.900000 -1.344001
86.000000 -1.648279
86.100000 -1.937496
86.200000 -2.176976
86.300000 -2.333606
86.400000 -2.383776
86.500000 -2.319612
86.600000 -2.151157
86.700000 -1.903600
86.800000 -1.610683
86.900000 -1.306748
87.000000 -1.020114
87.100000 -0.769453
87.200000 -0.563393
87.300000 -0.402451
87.400000 -0.281932
87.500000 -0.194706
87.600000 -0.133242
87.700000 -0.090794
87.800000 -0.061889
87.900000 -0.042377
88.000000 -0.029259
88.100000 -0.020438
88.200000 -0.014487
88.300000 -0.010447
88.400000 -0.007680
88.500000 -0.005767
88.600000 -0.004430
88.700000 -0.003486
88.800000 -0.002812
88.900000 -0.002328
89.000000 -0.001979
89.100000 -0.001729
89.200000 -0.001552
89.300000 -0.001433
89.400000 -0.001360
89.500000 -0.001328
89.600000 -0.001333
89.700000 -0.001377
89.800000 -0.001462
89.900000 -0.001597
90.000000 -0.001793
90.100000 -0.002070
90.200000 -0.002454
90.300000 -0.002986
90.400000 -0.003729
90.500000 -0.004773
90.600000 -0.006256
90.700000 -0.008385
90.800000 -0.011472
90.900000 -0.015993
91.000000 -0.022666
91.100000 -0.032569
91.200000 -0.047303
91.300000 -0.069202
91.400000 -0.101578
91.500000 -0.148956
91.600000 -0.217200
91.700000 -0.313364
91.800000 -0.445019
91.900000 -0.618833
92.000000 -0.838288
92.100000 -1.100778
92.200000 -1.394861
92.300000 -1.698872
92.400000 -1.982207
92.500000 -2.209910
92.600000 -2.349923
92.700000 -2.380930
92.800000 -2.298055
92.900000 -2.114208
93.000000 -1.856550
93.100000 -1.559473
93.200000 -1.256703
93.300000 -0.975096
93.400000 -0.731585
93.500000 -0.533255
93.600000 -0.379536
93.700000 -0.265145
93.800000 -0.182767
93.900000 -0.124940
94.000000 -0.085115
94.100000 -0.058046
94.200000 -0.039791
94.300000 -0.027521
94.400000 -0.019268
94.500000 -0.013695
94.600000 -0.009906
94.700000 -0.007308
94.800000 -0.005508
94.900000 -0.004248
95.000000 -0.003356
95.100000 -0.002719
95.200000 -0.002261
95.300000 -0.001931
95.400000 -0.001694
95.500000 -0.001528
95.600000 -0.001417
95.700000 -0.001352
95.800000 -0.001326
95.900000 -0.001338
96.000000 -0.001388
96.100000 -0.001481
96.200000 -0.001625
96.300000 -0.001834
96.400000 -0.002126
96.500000 -0.002531
96.600000 -0.003094
96.700000 -0.003881
96.800000 -0.004987
96.900000 -0.006562
97.000000 -0.008826
97.100000 -0.012116
97.200000 -0.016940
97.300000 -0.024069
97.400000 -0.034655
97.500000 -0.050407
97.600000 -0.073806
97.700000 -0.108353
97.800000 -0.158793
97.900000 -0.231212
98.000000 -0.332816
98.100000 -0.471147
98.200000 -0.652520
98.300000 -0.879603
98.400000 -1.148479
98.500000 -1.446023
98.600000 -1.748892
98.700000 -2.025338
98.800000 -2.240339
98.900000 -2.363118
99.000000 -2.374823
99.100000 -2.273610
99.200000 -2.075155
99.300000 -1.808387
99.400000 -1.508119
99.500000 -1.207280
99.600000 -0.931179
99.700000 -0.695012
99.800000 -0.504389
99.900000 -0.357737
100.000000 -0.249264
100.100000 -0.171519
100.200000 -0.117145
100.300000 -0.079794
100.400000 -0.054449
100.500000 -0.037372
100.600000 -0.025896
100.700000 -0.018173
100.800000 -0.012952
100.900000 -0.009399
101.000000 -0.006958
101.100000 -0.005264
101.200000 -0.004076
101.300000 -0.003234
101.400000 -0.002631
101.500000 -0.002198
101.600000 -0.001885
101.700000 -0.001662
101.800000 -0.001506
101.900000 -0.001403
102.000000 -0.001345
102.100000 -0.001325
102.200000 -0.001343
102.300000 -0.001401
102.400000 -0.001502
102.500000 -0.001656
102.600000 -0.001876
102.700000 -0.002185
102.800000 -0.002614
102.900000 -0.003209
103.000000 -0.004041
103.100000 -0.005215
103.200000 -0.006887
103.300000 -0.009296
103.400000 -0.012803
103.500000 -0.017952
103.600000 -0.025569
103.700000 -0.036886
103.800000 -0.053726
103.900000 -0.078723
104.000000 -0.115573
104.100000 -0.169248
104.200000 -0.246048
104.300000 -0.353309
104.400000 -0.498501
104.500000 -0.687515
104.600000 -0.922123
104.700000 -1.197015
104.800000 -1.497357
104.900000 -1.798173
105.000000 -2.066722
105.100000 -2.268133
105.200000 -2.373132
105.300000 -2.365481
105.400000 -2.246384
105.500000 -2.034158
105.600000 -1.759282
105.700000 -1.456767
105.800000 -1.158580
105.900000 -0.888412
106.000000 -0.659743
106.100000 -0.476775
106.200000 -0.337022
106.300000 -0.234251
106.400000 -0.160931
106.500000 -0.109828
106.600000 -0.074810
106.700000 -0.051084
106.800000 -0.035110
106.900000 -0.024375
107.000000 -0.017147
107.100000 -0.012256
107.200000 -0.008922
107.300000 -0.006629
107.400000 -0.005034
107.500000 -0.003913
107.600000 -0.003118
107.700000 -0.002548
107.800000 -0.002138
107.900000 -0.001842
108.000000 -0.001632
108.100000 -0.001485
108.200000 -0.001391
108.300000 -0.001339
108.400000 -0.001326
108.500000 -0.001350
108.600000 -0.001414
108.700000 -0.001524
108.800000 -0.001688
108.900000 -0.001921
109.000000 -0.002248
109.100000 -0.002700
109.200000 -0.003330
109.300000 -0.004211
109.400000 -0.005456
109.500000 -0.007233
109.600000 -0.009797
109.700000 -0.013535
109.800000 -0.019033
109.900000 -0.027171
110.000000 -0.039271
110.100000 -0.057272
110.200000 -0.083972
110.300000 -0.123266
110.400000 -0.180354
110.500000 -0.261744
110.600000 -0.374878
110.700000 -0.527103
110.800000 -0.723815
110.900000 -0.965803
111.000000 -1.246294
111.100000 -1.548722
111.200000 -1.846547
111.300000 -2.106196
111.400000 -2.293170
111.500000 -2.379920
111.600000 -2.352948
111.700000 -2.216496
111.800000 -1.991378
111.900000 -1.709404
112.000000 -1.405558
112.100000 -1.110697
112.200000 -0.846841
112.300000 -0.625782
112.400000 -0.450392
112.500000 -0.317354
112.600000 -0.220069
112.700000 -0.150967
112.800000 -0.102962
112.900000 -0.070142
113.000000 -0.047936
113.100000 -0.032994
113.200000 -0.022952
113.300000 -0.016186
113.400000 -0.011604
113.500000 -0.008475
113.600000 -0.006319
113.700000 -0.004817
113.800000 -0.003760
113.900000 -0.003008
114.000000 -0.002469
114.100000 -0.002081
114.200000 -0.001802
114.300000 -0.001603
114.400000 -0.001466
114.500000 -0.001379
114.600000 -0.001334
114.700000 -0.001327
114.800000 -0.001358
114.900000 -0.001429
115.000000 -0.001547
115.100000 -0.001721
115.200000 -0.001969
115.300000 -0.002314
115.400000 -0.002792
115.500000 -0.003458
115.600000 -0.004391
115.700000 -0.005712
115.800000 -0.007600
115.900000 -0.010331
116.000000 -0.014317
116.100000 -0.020187
116.200000 -0.028885
116.300000 -0.041821
116.400000 -0.061062
116.500000 -0.089573
116.600000 -0.131460
116.700000 -0.192146
116.800000 -0.278338
116.900000 -0.397556
117.000000 -0.556973
117.100000 -0.761413
117.200000 -1.010595
117.300000 -1.296218
117.400000 -1.599975
117.500000 -1.893844
117.600000 -2.143598
117.700000 -2.315340
117.800000 -2.383451
117.900000 -2.337279
118.000000 -2.184075
118.100000 -1.946985
118.200000 -1.658917
118.300000 -1.354624
118.400000 -1.063715
118.500000 -0.806501
118.600000 -0.593126
118.700000 -0.425214
118.800000 -0.298700
118.900000 -0.206683
119.000000 -0.141597
119.100000 -0.096522
119.200000 -0.065771
119.300000 -0.044991
119.400000 -0.031015
119.500000 -0.021621
119.600000 -0.015287
119.700000 -0.010991
119.800000 -0.008055
119.900000 -0.006027
120.000000 -0.004613
120.100000 -0.003615
120.200000 -0.002905
120.300000 -0.002395
120.400000 -0.002027
120.500000 -0.001763
120.600000 -0.001576
120.700000 -0.001448
120.800000 -0.001369
120.900000 -0.001330
121.000000 -0.001330
121.100000 -0.001367
121.200000 -0.001446
121.300000 -0.001572
121.400000 -0.001757
121.500000 -0.002019
121.600000 -0.002384
121.700000 -0.002889
121.800000 -0.003593
121.900000 -0.004582
122.000000 -0.005983
122.100000 -0.007991
122.200000 -0.010899
122.300000 -0.015151
122.400000 -0.021420
122.500000 -0.030717
122.600000 -0.044547
122.700000 -0.065112
122.800000 -0.095550
122.900000 -0.140181
123.000000 -0.204656
123.100000 -0.295867
123.200000 -0.421376
123.300000 -0.588128
123.400000 -0.800295
123.500000 -1.056441
123.600000 -1.346677
123.700000 -1.650963
123.800000 -1.939894
123.900000 -2.178776
124.000000 -2.334545
124.100000 -2.383707
124.200000 -2.318547
124.300000 -2.149260
124.400000 -1.901146
124.500000 -1.607984
124.600000 -1.304091
124.700000 -1.017710
124.800000 -0.767420
124.900000 -0.561769
125.000000 -0.401212
125.100000 -0.281022
125.200000 -0.194057
125.300000 -0.132790
125.400000 -0.090485
125.500000 -0.061679
125.600000 -0.042236
125.700000 -0.029164
125.800000 -0.020375
125.900000 -0.014444
126.000000 -0.010417
126.100000 -0.007660
126.200000 -0.005753
126.300000 -0.004420
126.400000 -0.003479
126.500000 -0.002807
126.600000 -0.002324
126.700000 -0.001977
126.800000 -0.001727
126.900000 -0.001551
127.000000 -0.001432
127.100000 -0.001359
127.200000 -0.001327
127.300000 -0.001333
127.400000 -0.001377
127.500000 -0.001463
127.600000 -0.001599
127.700000 -0.001796
127.800000 -0.002073
127.900000 -0.002458
128.000000 -0.002992
128.100000 -0.003737
128.200000 -0.004784
128.300000 -0.006272
128.400000 -0.008407
128.500000 -0.011505
128.600000 -0.016042
128.700000 -0.022738
128.800000 -0.032675
128.900000 -0.047462
129.000000 -0.069438
129.100000 -0.101925
129.200000 -0.149461
129.300000 -0.217920
129.400000 -0.314366
129.500000 -0.446369
129.600000 -0.620580
129.700000 -0.840439
129.800000 -1.103275
129.900000 -1.397557
130.000000 -1.701530
130.100000 -1.984526
130.200000 -2.211581
130.300000 -2.350698
130.400000 -2.380689
130.500000 -2.296836
130.600000 -2.112196
130.700000 -1.854032
130.800000 -1.556763
130.900000 -1.254076
131.000000 -0.972748
131.100000 -0.729620
131.200000 -0.531699
131.300000 -0.378357
131.400000 -0.264284
131.500000 -0.182155
131.600000 -0.124516
131.700000 -0.084825
131.800000 -0.057850
131.900000 -0.039659
132.000000 -0.027432
132.100000 -0.019208
132.200000 -0.013654
132.300000 -0.009878
132.400000 -0.007289
132.500000 -0.005495
132.600000 -0.004238
132.700000 -0.003349
132.800000 -0.002714
132.900000 -0.002258
133.000000 -0.001929
133.100000 -0.001693
133.200000 -0.001527
133.300000 -0.001417
133.400000 -0.001351
133.500000 -0.001326
133.600000 -0.001338
133.700000 -0.001389
133.800000 -0.001482
133.900000 -0.001627
134.000000 -0.001836
134.100000 -0.002129
134.200000 -0.002536
134.300000 -0.003100
134.400000 -0.003889
134.500000 -0.004999
134.600000 -0.006579
134.700000 -0.008850
134.800000 -0.012151
134.900000 -0.016992
135.000000 -0.024146
135.100000 -0.034769
135.200000 -0.050577
135.300000 -0.074058
135.400000 -0.108723
135.500000 -0.159329
135.600000 -0.231975
135.700000 -0.333872
135.800000 -0.472561
135.900000 -0.654336
136.000000 -0.881820
136.100000 -1.151022
136.200000 -1.448732
136.300000 -1.751515
136.400000 -2.027569
136.500000 -2.241874
136.600000 -2.363727
136.700000 -2.374410
136.800000 -2.272240
136.900000 -2.073037
137.000000 -1.805815
137.100000 -1.505405
137.200000 -1.204689
137.300000 -0.928890
137.400000 -0.693116
137.500000 -0.502899
137.600000 -0.356616
137.700000 -0.248449
137.800000 -0.170944
137.900000 -0.116747
138.000000 -0.079523
138.100000 -0.054266
138.200000 -0.037249
138.300000 -0.025813
138.400000 -0.018117
138.500000 -0.012914
138.600000 -0.009373
138.700000 -0.006940
138.800000 -0.005251
138.900000 -0.004067
139.000000 -0.003227
139.100000 -0.002627
139.200000 -0.002195
139.300000 -0.001883
139.400000 -0.001660
139.500000 -0.001505
139.600000 -0.001403
139.700000 -0.001344
139.800000 -0.001325
139.900000 -0.001344
140.000000 -0.001401
140.100000 -0.001503
140.200000 -0.001657
140.300000 -0.001879
140.400000 -0.002188
140.500000 -0.002618
140.600000 -0.003215
140.700000 -0.004050
140.800000 -0.005227
140.900000 -0.006905
141.000000 -0.009322
141.100000 -0.012840
141.200000 -0.018007
141.300000 -0.025651
141.400000 -0.037008
141.500000 -0.053907
141.600000 -0.078992
141.700000 -0.115968
141.800000 -0.169818
141.900000 -0.246855
142.000000 -0.354421
142.100000 -0.499980
142.200000 -0.689400
142.300000 -0.924401
142.400000 -1.199600
142.500000 -1.500070
142.600000 -1.800752
142.700000 -2.068857
142.800000 -2.269525
142.900000 -2.373572
143.000000 -2.364898
143.100000 -2.244871
143.200000 -2.031941
143.300000 -1.756665
143.400000 -1.454058
143.500000 -1.156030
143.600000 -0.886186
143.700000 -0.657917
143.800000 -0.475351
143.900000 -0.335957
144.000000 -0.233481
144.100000 -0.160389
144.200000 -0.109454
144.300000 -0.074556
144.400000 -0.050913
144.500000 -0.034995
144.600000 -0.024297
144.700000 -0.017095
144.800000 -0.012221
144.900000 -0.008898
145.000000 -0.006612
145.100000 -0.005022
145.200000 -0.003905
145.300000 -0.003112
145.400000 -0.002544
145.500000 -0.002135
145.600000 -0.001840
145.700000 -0.001630
145.800000 -0.001484
145.900000 -0.001390
146.000000 -0.001339
146.100000 -0.001326
146.200000 -0.001351
146.300000 -0.001415
146.400000 -0.001525
146.500000 -0.001689
146.600000 -0.001924
146.700000 -0.002251
146.800000 -0.002705
146.900000 -0.003336
147.000000 -0.004220
147.100000 -0.005469
147.200000 -0.007252
147.300000 -0.009824
147.400000 -0.013575
147.500000 -0.019092
147.600000 -0.027259
147.700000 -0.039401
147.800000 -0.057466
147.900000 -0.084259
148.000000 -0.123686
148.100000 -0.180960
148.200000 -0.262598
148.300000 -0.376048
148.400000 -0.528649
148.500000 -0.725769
148.600000 -0.968142
148.700000 -1.248916
148.800000 -1.551433
148.900000 -1.849073
149.000000 -2.108224
149.100000 -2.294414
149.200000 -2.380188
149.300000 -2.352198
149.400000 -2.214846
149.500000 -1.989072
149.600000 -1.706751
149.700000 -1.402860
149.800000 -1.108192
149.900000 -0.844679
150.000000 -0.624025
150.100000 -0.449032
150.200000 -0.316344
150.300000 -0.219343
150.400000 -0.150458
150.500000 -0.102611
150.600000 -0.069904
150.700000 -0.047776
150.800000 -0.032886
150.900000 -0.022879
151.000000 -0.016137
151.100000 -0.011570
151.200000 -0.008452
151.300000 -0.006303
151.400000 -0.004806
151.500000 -0.003752
151.600000 -0.003003
151.700000 -0.002465
151.800000 -0.002078
151.900000 -0.001800
152.000000 -0.001602
152.100000 -0.001465
152.200000 -0.001378
152.300000 -0.001334
152.400000 -0.001327
152.500000 -0.001359
152.600000 -0.001430
152.700000 -0.001548
152.800000 -0.001723
152.900000 -0.001972
153.000000 -0.002317
153.100000 -0.002797
153.200000 -0.003465
153.300000 -0.004401
153.400000 -0.005725
153.500000 -0.007620
153.600000 -0.010360
153.700000 -0.014360
153.800000 -0.020250
153.900000 -0.028979
154.000000 -0.041960
154.100000 -0.061270
154.200000 -0.089880
154.300000 -0.131907
154.400000 -0.192788
154.500000 -0.279241
154.600000 -0.398786
154.700000 -0.558587
154.800000 -0.763435
154.900000 -1.012991
155.000000 -1.298871
155.100000 -1.602676
155.200000 -1.896309
155.300000 -2.145513
155.400000 -2.316430
155.500000 -2.383546
155.600000 -2.336366
155.700000 -2.182295
155.800000 -1.944598
155.900000 -1.656236
156.000000 -1.351944
156.100000 -1.061260
156.200000 -0.804405
156.300000 -0.591438
156.400000 -0.423917
156.500000 -0.297742
156.600000 -0.205998
156.700000 -0.141118
156.800000 -0.096193
156.900000 -0.065548
157.000000 -0.044841
157.100000 -0.030914
157.200000 -0.021553
157.300000 -0.015241
157.400000 -0.010960
157.500000 -0.008033
157.600000 -0.006012
157.700000 -0.004602
157.800000 -0.003608
157.900000 -0.002900
158.000000 -0.002391
158.100000 -0.002025
158.200000 -0.001761
158.300000 -0.001575
158.400000 -0.001447
158.500000 -0.001368
158.600000 -0.001330
158.700000 -0.001330
158.800000 -0.001368
158.900000 -0.001447
159.000000 -0.001573
159.100000 -0.001759
159.200000 -0.002022
159.300000 -0.002387
159.400000 -0.002895
159.500000 -0.003601
159.600000 -0.004592
159.700000 -0.005998
159.800000 -0.008013
159.900000 -0.010930
160.000000 -0.015197
160.100000 -0.021487
160.200000 -0.030817
160.300000 -0.044696
160.400000 -0.065333
160.500000 -0.095877
160.600000 -0.140657
160.700000 -0.205337
160.800000 -0.296819
160.900000 -0.422667
161.000000 -0.589810
161.100000 -0.802384
161.200000 -1.058891
161.300000 -1.349355
161.400000 -1.653646
161.500000 -1.942289
161.600000 -2.180569
161.700000 -2.335475
161.800000 -2.383630
161.900000 -2.317474
162.000000 -2.147357
162.100000 -1.898687
162.200000 -1.605285
162.300000 -1.301435
162.400000 -1.015308
162.500000 -0.765391
162.600000 -0.560149
162.700000 -0.399976
162.800000 -0.280115
162.900000 -0.193411
163.000000 -0.132340
163.100000 -0.090176
163.200000 -0.061471
163.300000 -0.042096
163.400000 -0.029070
163.500000 -0.020311
163.600000 -0.014401
163.700000 -0.010388
163.800000 -0.007640
163.900000 -0.005739
164.000000 -0.004410
164.100000 -0.003472
164.200000 -0.002802
164.300000 -0.002321
164.400000 -0.001974
164.500000 -0.001725
164.600000 -0.001550
164.700000 -0.001431
164.800000 -0.001359
164.900000 -0.001327
165.000000 -0.001334
165.100000 -0.001378
165.200000 -0.001464
165.300000 -0.001600
165.400000 -0.001798
165.500000 -0.002075
165.600000 -0.002462
165.700000 -0.002997
165.800000 -0.003745
165.900000 -0.004795
166.000000 -0.006288
166.100000 -0.008430
166.200000 -0.011538
166.300000 -0.016090
166.400000 -0.022810
166.500000 -0.032782
166.600000 -0.047621
166.700000 -0.069674
166.800000 -0.102274
166.900000 -0.149967
167.000000 -0.218643
167.100000 -0.315371
167.200000 -0.447722
167.300000 -0.622330
167.400000 -0.842594
167.500000 -1.105775
167.600000 -1.400254
167.700000 -1.704186
167.800000 -1.986841
167.900000 -2.213245
168.000000 -2.351465
168.100000 -2.380439
168.200000 -2.295608
168.300000 -2.110179
168.400000 -1.851512
168.500000 -1.554052
168.600000 -1.251451
168.700000 -0.970404
168.800000 -0.727660
168.900000 -0.530146
169.000000 -0.377181
169.100000 -0.263425
169.200000 -0.181546
169.300000 -0.124094
169.400000 -0.084537
169.500000 -0.057654
169.600000 -0.039528
169.700000 -0.027344
169.800000 -0.019149
169.900000 -0.013614
170.000000 -0.009851
170.100000 -0.007270
170.200000 -0.005482
170.300000 -0.004229
170.400000 -0.003343
170.500000 -0.002710
170.600000 -0.002254
170.700000 -0.001926
170.800000 -0.001691
170.900000 -0.001526
171.000000 -0.001416
171.100000 -0.001351
171.200000 -0.001326
171.300000 -0.001338
171.400000 -0.001389
171.500000 -0.001483
171.600000 -0.001629
171.700000 -0.001838
171.800000 -0.002132
171.900000 -0.002540
172.000000 -0.003106
172.100000 -0.003897
172.200000 -0.005011
172.300000 -0.006595
172.400000 -0.008875
172.500000 -0.012186
172.600000 -0.017044
172.700000 -0.024223
172.800000 -0.034884
172.900000 -0.050748
173.000000 -0.074311
173.100000 -0.109094
173.200000 -0.159867
173.300000 -0.232740
173.400000 -0.334931
173.500000 -0.473979
173.600000 -0.656155
173.700000 -0.884039
173.800000 -1.153568
173.900000 -1.451440
174.000000 -1.754136
174.100000 -2.029795
174.200000 -2.243402
174.300000 -2.364327
174.400000 -2.373988
174.500000 -2.270863
174.600000 -2.070913
174.700000 -1.803241
174.800000 -1.502692
174.900000 -1.202099
175.000000 -0.926605
175.100000 -0.691224
175.200000 -0.501413
175.300000 -0.355498
175.400000 -0.247637
175.500000 -0.170370
175.600000 -0.116350
175.700000 -0.079252
175.800000 -0.054083
175.900000 -0.037126
176.000000 -0.025730
176.100000 -0.018061
176.200000 -0.012877
176.300000 -0.009347
176.400000 -0.006922
176.500000 -0.005239
176.600000 -0.004058
176.700000 -0.003221
176.800000 -0.002622
176.900000 -0.002191
177.000000 -0.001881
177.100000 -0.001659
177.200000 -0.001504
177.300000 -0.001402
177.400000 -0.001344
177.500000 -0.001325
177.600000 -0.001344
177.700000 -0.001402
177.800000 -0.001504
177.900000 -0.001659
178.000000 -0.001881
178.100000 -0.002191
178.200000 -0.002622
178.300000 -0.003221
178.400000 -0.004058
178.500000 -0.005239
178.600000 -0.006923
178.700000 -0.009348
178.800000 -0.012878
178.900000 -0.018063
179.000000 -0.025733
179.100000 -0.037130
179.200000 -0.054089
179.300000 -0.079261
179.400000 -0.116363
179.500000 -0.170390
179.600000 -0.247665
179.700000 -0.355536
179.800000 -0.501463
179.900000 -0.691288
180.000000 -0.926683
180.100000 -1.202187
180.200000 -1.502784
180.300000 -1.803329
180.400000 -2.070985
180.500000 -2.270910
180.600000 -2.374003
180.700000 -2.364307
180.800000 -2.243350
180.900000 -2.029720
181.000000 -1.754047
181.100000 -1.451348
181.200000 -1.153482
181.300000 -0.883964
181.400000 -0.656094
181.500000 -0.473931
181.600000 -0.334895
181.700000 -0.232714
181.800000 -0.159849
181.900000 -0.109081
182.000000 -0.074302
182.100000 -0.050742
182.200000 -0.034880
182.300000 -0.024220
182.400000 -0.017042
182.500000 -0.012185
182.600000 -0.008874
182.700000 -0.006595
182.800000 -0.005010
182.900000 -0.003897
183.000000 -0.003106
183.100000 -0.002540
183.200000 -0.002132
183.300000 -0.001838
183.400000 -0.001629
183.500000 -0.001483
183.600000 -0.001389
183.700000 -0.001338
183.800000 -0.001326
183.900000 -0.001351
184.000000 -0.001416
184.100000 -0.001526
184.200000 -0.001691
184.300000 -0.001926
184.400000 -0.002254
184.500000 -0.002710
184.600000 -0.003343
184.700000 -0.004229
184.800000 -0.005482
184.900000 -0.007270
185.000000 -0.009852
185.100000 -0.013616
185.200000 -0.019151
185.300000 -0.027347
185.400000 -0.039532
185.500000 -0.057661
185.600000 -0.084546
185.700000 -0.124108
185.800000 -0.181567
185.900000 -0.263454
186.000000 -0.377221
186.100000 -0.530198
186.200000 -0.727726
186.300000 -0.970483
186.400000 -1.251540
186.500000 -1.554144
186.600000 -1.851597
186.700000 -2.110247
186.800000 -2.295649
186.900000 -2.380448
187.000000 -2.351439
187.100000 -2.213188
187.200000 -1.986762
187.300000 -1.704096
187.400000 -1.400162
187.500000 -1.105690
187.600000 -0.842521
187.700000 -0.622271
187.800000 -0.447676
187.900000 -0.315336
188.000000 -0.218618
188.100000 -0.149950
188.200000 -0.102262
188.300000 -0.069666
188.400000 -0.047616
188.500000 -0.032779
188.600000 -0.022807
188.700000 -0.016089
188.800000 -0.011537
188.900000 -0.008429
189.000000 -0.006287
189.100000 -0.004795
189.200000 -0.003744
189.300000 -0.002997
189.400000 -0.002461
189.500000 -0.002075
189.600000 -0.001798
189.700000 -0.001600
189.800000 -0.001464
189.900000 -0.001378
190.000000 -0.001333
190.100000 -0.001327
190.200000 -0.001359
190.300000 -0.001431
190.400000 -0.001550
190.500000 -0.001725
190.600000 -0.001974
190.700000 -0.002321
190.800000 -0.002802
190.900000 -0.003472
191.000000 -0.004411
191.100000 -0.005739
191.200000 -0.007640
191.300000 -0.010389
191.400000 -0.014403
191.500000 -0.020313
191.600000 -0.029073
191.700000 -0.042100
191.800000 -0.061478
191.900000 -0.090187
192.000000 -0.132355
192.100000 -0.193433
192.200000 -0.280145
192.300000 -0.400018
192.400000 -0.560204
192.500000 -0.765460
192.600000 -1.015390
192.700000 -1.301525
192.800000 -1.605376
192.900000 -1.898771
193.000000 -2.147422
193.100000 -2.317511
193.200000 -2.383633
193.300000 -2.335444
193.400000 -2.180508
193.500000 -1.942207
193.600000 -1.653555
193.700000 -1.349265
193.800000 -1.058808
193.900000 -0.802313
194.000000 -0.589753
194.100000 -0.422623
194.200000 -0.296787
194.300000 -0.205314
194.400000 -0.140641
194.500000 -0.095866
194.600000 -0.065326
194.700000 -0.044691
194.800000 -0.030814
194.900000 -0.021485
195.000000 -0.015195
195.100000 -0.010929
195.200000 -0.008012
195.300000 -0.005998
195.400000 -0.004592
195.500000 -0.003601
195.600000 -0.002894
195.700000 -0.002387
195.800000 -0.002022
195.900000 -0.001759
196.000000 -0.001573
196.100000 -0.001447
196.200000 -0.001368
196.300000 -0.001330
196.400000 -0.001330
196.500000 -0.001368
196.600000 -0.001447
196.700000 -0.001575
196.800000 -0.001761
196.900000 -0.002025
197.000000 -0.002391
197.100000 -0.002900
197.200000 -0.003608
197.300000 -0.004603
197.400000 -0.006013
197.500000 -0.008034
197.600000 -0.010961
197.700000 -0.015242
197.800000 -0.021555
197.900000 -0.030918
198.000000 -0.044846
198.100000 -0.065556
198.200000 -0.096205
198.300000 -0.141134
198.400000 -0.206021
198.500000 -0.297774
198.600000 -0.423961
198.700000 -0.591495
198.800000 -0.804476
198.900000 -1.061343
199.000000 -1.352035
199.100000 -1.656327
199.200000 -1.944679
199.300000 -2.182356
199.400000 -2.336397
199.500000 -2.383543
199.600000 -2.316393
199.700000 -2.145448
199.800000 -1.896226
199.900000 -1.602584
200.000000 -1.298781
200.100000 -1.012910
200.200000 -0.763366
200.300000 -0.558532
200.400000 -0.398744
200.500000 -0.279210
200.600000 -0.192766
200.700000 -0.131892
200.800000 -0.089869
200.900000 -0.061263
201.000000 -0.041956
201.100000 -0.028976
201.200000 -0.020248
201.300000 -0.014358
201.400000 -0.010359
201.500000 -0.007620
201.600000 -0.005725
201.700000 -0.004401
201.800000 -0.003465
201.900000 -0.002797
202.000000 -0.002317
202.100000 -0.001971
202.200000 -0.001723
202.300000 -0.001548
202.400000 -0.001430
202.500000 -0.001359
202.600000 -0.001327
202.700000 -0.001334
202.800000 -0.001378
202.900000 -0.001465
203.000000 -0.001602
203.100000 -0.001800
203.200000 -0.002078
203.300000 -0.002466
203.400000 -0.003003
203.500000 -0.003753
203.600000 -0.004806
203.700000 -0.006304
203.800000 -0.008453
203.900000 -0.011571
204.000000 -0.016139
204.100000 -0.022882
204.200000 -0.032890
204.300000 -0.047781
204.400000 -0.069912
204.500000 -0.102623
204.600000 -0.150475
204.700000 -0.219367
204.800000 -0.316378
204.900000 -0.449078
205.000000 -0.624084
205.100000 -0.844753
205.200000 -1.108277
205.300000 -1.402951
205.400000 -1.706841
205.500000 -1.989151
205.600000 -2.214902
205.700000 -2.352223
205.800000 -2.380180
205.900000 -2.294372
206.000000 -2.108156
206.100000 -1.848988
206.200000 -1.551341
206.300000 -1.248827
206.400000 -0.968062
206.500000 -0.725702
206.600000 -0.528596
206.700000 -0.376008
206.800000 -0.262569
206.900000 -0.180939
207.000000 -0.123672
207.100000 -0.084249
207.200000 -0.057460
207.300000 -0.039397
207.400000 -0.027256
207.500000 -0.019090
207.600000 -0.013574
207.700000 -0.009824
207.800000 -0.007251
207.900000 -0.005468
208.000000 -0.004220
208.100000 -0.003336
208.200000 -0.002705
208.300000 -0.002251
208.400000 -0.001924
208.500000 -0.001689
208.600000 -0.001525
208.700000 -0.001415
208.800000 -0.001351
208.900000 -0.001326
209.000000 -0.001339
209.100000 -0.001390
209.200000 -0.001484
209.300000 -0.001630
209.400000 -0.001840
209.500000 -0.002135
209.600000 -0.002544
209.700000 -0.003112
209.800000 -0.003905
209.900000 -0.005023
210.000000 -0.006612
210.100000 -0.008899
210.200000 -0.012222
210.300000 -0.017096
210.400000 -0.024300
210.500000 -0.034999
210.600000 -0.050919
210.700000 -0.074564
210.800000 -0.109466
210.900000 -0.160407
211.000000 -0.233507
211.100000 -0.335993
211.200000 -0.475400
211.300000 -0.657978
211.400000 -0.886262
211.500000 -1.156116
211.600000 -1.454150
211.700000 -1.756754
211.800000 -2.032016
211.900000 -2.244922
212.000000 -2.364918
212.100000 -2.373557
212.200000 -2.269478
212.300000 -2.068784
212.400000 -1.800664
212.500000 -1.499978
212.600000 -1.199512
212.700000 -0.924324
212.800000 -0.689336
212.900000 -0.499930
213.000000 -0.354383
213.100000 -0.246828
213.200000 -0.169798
213.300000 -0.115954
213.400000 -0.078983
213.500000 -0.053901
213.600000 -0.037004
213.700000 -0.025648
213.800000 -0.018006
213.900000 -0.012839
214.000000 -0.009321
214.100000 -0.006904
214.200000 -0.005227
214.300000 -0.004049
214.400000 -0.003215
214.500000 -0.002618
214.600000 -0.002188
214.700000 -0.001878
214.800000 -0.001657
214.900000 -0.001503
215.000000 -0.001401
215.100000 -0.001344
215.200000 -0.001325
215.300000 -0.001344
215.400000 -0.001403
215.500000 -0.001505
215.600000 -0.001661
215.700000 -0.001883
215.800000 -0.002195
215.900000 -0.002627
216.000000 -0.003228
216.100000 -0.004067
216.200000 -0.005252
216.300000 -0.006940
216.400000 -0.009374
216.500000 -0.012916
216.600000 -0.018119
216.700000 -0.025815
216.800000 -0.037253
216.900000 -0.054272
217.000000 -0.079532
217.100000 -0.116760
217.200000 -0.170963
217.300000 -0.248477
217.400000 -0.356654
217.500000 -0.502950
217.600000 -0.693180
217.700000 -0.928968
217.800000 -1.204776
217.900000 -1.505497
218.000000 -1.805903
218.100000 -2.073109
218.200000 -2.272287
218.300000 -2.374424
218.400000 -2.363706
218.500000 -2.241822
218.600000 -2.027493
218.700000 -1.751426
218.800000 -1.448640
218.900000 -1.150936
219.000000 -0.881744
219.100000 -0.654274
219.200000 -0.472513
219.300000 -0.333836
219.400000 -0.231949
219.500000 -0.159311
219.600000 -0.108710
219.700000 -0.074050
219.800000 -0.050571
219.900000 -0.034765
220.000000 -0.024143
220.100000 -0.016990
220.200000 -0.012150
220.300000 -0.008850
220.400000 -0.006578
220.500000 -0.004999
220.600000 -0.003889
220.700000 -0.003100
220.800000 -0.002535
220.900000 -0.002129
221.000000 -0.001836
221.100000 -0.001627
221.200000 -0.001482
221.300000 -0.001389
221.400000 -0.001338
221.500000 -0.001326
221.600000 -0.001351
221.700000 -0.001417
221.800000 -0.001527
221.900000 -0.001693
222.000000 -0.001929
222.100000 -0.002258
222.200000 -0.002715
222.300000 -0.003350
222.400000 -0.004239
222.500000 -0.005495
222.600000 -0.007289
222.700000 -0.009879
222.800000 -0.013656
222.900000 -0.019210
223.000000 -0.027435
223.100000 -0.039664
223.200000 -0.057856
223.300000 -0.084835
223.400000 -0.124531
223.500000 -0.182176
223.600000 -0.264313
223.700000 -0.378397
223.800000 -0.531751
223.900000 -0.729687
224.000000 -0.972828
224.100000 -1.254165
224.200000 -1.556855
224.300000 -1.854118
224.400000 -2.112265
224.500000 -2.296877
224.600000 -2.380698
224.700000 -2.350672
224.800000 -2.211524
224.900000 -1.984447
225.000000 -1.701440
225.100000 -1.397465
225.200000 -1.103190
225.300000 -0.840366
225.400000 -0.620520
225.500000 -0.446323
225.600000 -0.314332
225.700000 -0.217896
225.800000 -0.149444
225.900000 -0.101914
226.000000 -0.069430
226.100000 -0.047456
226.200000 -0.032672
226.300000 -0.022735
226.400000 -0.016040
226.500000 -0.011504
226.600000 -0.008407
226.700000 -0.006271
226.800000 -0.004784
226.900000 -0.003737
227.000000 -0.002992
227.100000 -0.002457
227.200000 -0.002072
227.300000 -0.001795
227.400000 -0.001599
227.500000 -0.001463
227.600000 -0.001377
227.700000 -0.001333
227.800000 -0.001327
227.900000 -0.001359
228.000000 -0.001432
228.100000 -0.001551
228.200000 -0.001727
228.300000 -0.001977
228.400000 -0.002325
228.500000 -0.002807
228.600000 -0.003479
228.700000 -0.004421
228.800000 -0.005754
228.900000 -0.007661
229.000000 -0.010418
229.100000 -0.014446
229.200000 -0.020377
229.300000 -0.029167
229.400000 -0.042241
229.500000 -0.061686
229.600000 -0.090495
229.700000 -0.132806
229.800000 -0.194079
229.900000 -0.281053
230.000000 -0.401254
230.100000 -0.561824
230.200000 -0.767489
230.300000 -1.017791
230.400000 -1.304181
230.500000 -1.608076
230.600000 -1.901229
230.700000 -2.149325
230.800000 -2.318584
230.900000 -2.383710
231.000000 -2.334513
231.100000 -2.178715
231.200000 -1.939813
231.300000 -1.650872
231.400000 -1.346587
231.500000 -1.056358
231.600000 -0.800224
231.700000 -0.588071
231.800000 -0.421333
231.900000 -0.295834
232.000000 -0.204633
232.100000 -0.140165
232.200000 -0.095539
232.300000 -0.065104
232.400000 -0.044542
232.500000 -0.030713
232.600000 -0.021418
232.700000 -0.015150
232.800000 -0.010898
232.900000 -0.007991
233.000000 -0.005983
233.100000 -0.004582
233.200000 -0.003593
233.300000 -0.002889
233.400000 -0.002384
233.500000 -0.002019
233.600000 -0.001757
233.700000 -0.001572
233.800000 -0.001446
233.900000 -0.001367
234.000000 -0.001330
234.100000 -0.001330
234.200000 -0.001369
234.300000 -0.001448
234.400000 -0.001576
234.500000 -0.001763
234.600000 -0.002028
234.700000 -0.002395
234.800000 -0.002905
234.900000 -0.003616
235.000000 -0.004613
235.100000 -0.006028
235.200000 -0.008055
235.300000 -0.010993
235.400000 -0.015288
235.500000 -0.021623
235.600000 -0.031019
235.700000 -0.044996
235.800000 -0.065779
235.900000 -0.096533
236.000000 -0.141614
236.100000 -0.206707
236.200000 -0.298732
236.300000 -0.425258
236.400000 -0.593184
236.500000 -0.806572
236.600000 -1.063799
236.700000 -1.354715
236.800000 -1.659008
236.900000 -1.947066
237.000000 -2.184136
237.100000 -2.337310
237.200000 -2.383447
237.300000 -2.315303
237.400000 -2.143533
237.500000 -1.893761
237.600000 -1.599883
237.700000 -1.296128
237.800000 -1.010514
237.900000 -0.761345
238.000000 -0.556919
238.100000 -0.397515
238.200000 -0.278308
238.300000 -0.192124
238.400000 -0.131444
238.500000 -0.089563
238.600000 -0.061055
238.700000 -0.041816
238.800000 -0.028882
238.900000 -0.020185
239.000000 -0.014316
239.100000 -0.010330
239.200000 -0.007600
239.300000 -0.005711
239.400000 -0.004391
239.500000 -0.003458
239.600000 -0.002792
239.700000 -0.002314
239.800000 -0.001969
239.900000 -0.001721
240.000000 -0.001547
240.100000 -0.001429
240.200000 -0.001358
240.300000 -0.001327
240.400000 -0.001334
240.500000 -0.001379
240.600000 -0.001466
240.700000 -0.001603
240.800000 -0.001802
240.900000 -0.002081
241.000000 -0.002470
241.100000 -0.003009
241.200000 -0.003760
241.300000 -0.004818
241.400000 -0.006319
241.500000 -0.008476
241.600000 -0.011605
241.700000 -0.016188
241.800000 -0.022954
241.900000 -0.032998
242.000000 -0.047942
242.100000 -0.070150
242.200000 -0.102974
242.300000 -0.150984
242.400000 -0.220094
242.500000 -0.317389
242.600000 -0.450438
242.700000 -0.625842
242.800000 -0.846915
242.900000 -1.110782
243.000000 -1.405650
243.100000 -1.709494
243.200000 -1.991457
243.300000 -2.216552
243.400000 -2.352973
243.500000 -2.379911
243.600000 -2.293128
243.700000 -2.106127
243.800000 -1.846461
243.900000 -1.548630
244.000000 -1.246205
244.100000 -0.965724
244.200000 -0.723749
244.300000 -0.527051
244.400000 -0.374838
244.500000 -0.261715
244.600000 -0.180334
244.700000 -0.123252
244.800000 -0.083962
244.900000 -0.057266
245.000000 -0.039266
245.100000 -0.027169
245.200000 -0.019031
245.300000 -0.013534
245.400000 -0.009796
245.500000 -0.007232
245.600000 -0.005455
245.700000 -0.004211
245.800000 -0.003330
245.900000 -0.002700
246.000000 -0.002248
246.100000 -0.001921
246.200000 -0.001687
246.300000 -0.001524
246.400000 -0.001414
246.500000 -0.001350
246.600000 -0.001326
246.700000 -0.001339
246.800000 -0.001391
246.900000 -0.001485
247.000000 -0.001632
247.100000 -0.001842
247.200000 -0.002138
247.300000 -0.002548
247.400000 -0.003118
247.500000 -0.003914
247.600000 -0.005034
247.700000 -0.006629
247.800000 -0.008923
247.900000 -0.012257
248.000000 -0.017149
248.100000 -0.024377
248.200000 -0.035114
248.300000 -0.051090
248.400000 -0.074818
248.500000 -0.109840
248.600000 -0.160949
248.700000 -0.234277
248.800000 -0.337058
248.900000 -0.476824
249.000000 -0.659805
249.100000 -0.888488
249.200000 -1.158667
249.300000 -1.456859
249.400000 -1.759371
249.500000 -2.034233
249.600000 -2.246435
249.700000 -2.365501
249.800000 -2.373117
249.900000 -2.268085
250.000000 -2.066650
250.100000 -1.798085
250.200000 -1.497264
250.300000 -1.196927
250.400000 -0.922045
250.500000 -0.687451
250.600000 -0.498451
250.700000 -0.353271
250.800000 -0.246021
250.900000 -0.169228
251.000000 -0.115560
251.100000 -0.078714
251.200000 -0.053720
251.300000 -0.036882
251.400000 -0.025566
251.500000 -0.017950
251.600000 -0.012801
251.700000 -0.009296
251.800000 -0.006887
251.900000 -0.005214
252.000000 -0.004041
252.100000 -0.003209
252.200000 -0.002613
252.300000 -0.002185
252.400000 -0.001876
252.500000 -0.001656
252.600000 -0.001502
252.700000 -0.001401
252.800000 -0.001343
252.900000 -0.001325
253.000000 -0.001345
253.100000 -0.001403
253.200000 -0.001506
253.300000 -0.001662
253.400000 -0.001886
253.500000 -0.002198
253.600000 -0.002631
253.700000 -0.003234
253.800000 -0.004076
253.900000 -0.005264
254.000000 -0.006958
254.100000 -0.009400
254.200000 -0.012954
254.300000 -0.018175
254.400000 -0.025898
254.500000 -0.037376
254.600000 -0.054456
254.700000 -0.079804
254.800000 -0.117158
254.900000 -0.171539
255.000000 -0.249291
255.100000 -0.357775
255.200000 -0.504439
255.300000 -0.695076
255.400000 -0.931256
255.500000 -1.207368
255.600000 -1.508211
255.700000 -1.808474
255.800000 -2.075227
255.900000 -2.273656
256.000000 -2.374837
256.100000 -2.363097
256.200000 -2.240287
256.300000 -2.025262
256.400000 -1.748803
256.500000 -1.445931
256.600000 -1.148393
256.700000 -0.879528
256.800000 -0.652459
256.900000 -0.471099
257.000000 -0.332780
257.100000 -0.231186
257.200000 -0.158774
257.300000 -0.108340
257.400000 -0.073798
257.500000 -0.050402
257.600000 -0.034651
257.700000 -0.024066
257.800000 -0.016939
257.900000 -0.012115
258.000000 -0.008825
258.100000 -0.006562
258.200000 -0.004987
258.300000 -0.003880
258.400000 -0.003094
258.500000 -0.002531
258.600000 -0.002126
258.700000 -0.001834
258.800000 -0.001625
258.900000 -0.001481
259.000000 -0.001388
259.100000 -0.001338
259.200000 -0.001326
259.300000 -0.001352
259.400000 -0.001417
259.500000 -0.001528
259.600000 -0.001695
259.700000 -0.001931
259.800000 -0.002261
259.900000 -0.002719
260.000000 -0.003356
260.100000 -0.004248
260.200000 -0.005508
260.300000 -0.007308
260.400000 -0.009907
260.500000 -0.013696
260.600000 -0.019270
260.700000 -0.027524
260.800000 -0.039795
260.900000 -0.058052
261.000000 -0.085125
261.100000 -0.124955
261.200000 -0.182787
261.300000 -0.265174
261.400000 -0.379576
261.500000 -0.533308
261.600000 -0.731651
261.700000 -0.975176
261.800000 -1.256792
261.900000 -1.559565
262.000000 -1.856635
262.100000 -2.114276
262.200000 -2.298097
262.300000 -2.380938
262.400000 -2.349896
262.500000 -2.209853
262.600000 -1.982128
262.700000 -1.698782
262.800000 -1.394769
262.900000 -1.100693
263.000000 -0.838215
263.100000 -0.618774
263.200000 -0.444973
263.300000 -0.313330
263.400000 -0.217176
263.500000 -0.148939
263.600000 -0.101567
263.700000 -0.069194
263.800000 -0.047297
263.900000 -0.032565
264.000000 -0.022663
264.100000 -0.015991
264.200000 -0.011471
264.300000 -0.008384
264.400000 -0.006256
264.500000 -0.004773
264.600000 -0.003729
264.700000 -0.002986
264.800000 -0.002453
264.900000 -0.002070
265.000000 -0.001793
265.100000 -0.001597
265.200000 -0.001462
265.300000 -0.001377
265.400000 -0.001333
265.500000 -0.001328
265.600000 -0.001360
265.700000 -0.001433
265.800000 -0.001552
265.900000 -0.001729
266.000000 -0.001979
266.100000 -0.002328
266.200000 -0.002812
266.300000 -0.003486
266.400000 -0.004430
266.500000 -0.005768
266.600000 -0.007681
266.700000 -0.010448
266.800000 -0.014489
266.900000 -0.020441
267.000000 -0.029262
267.100000 -0.042382
267.200000 -0.061896
267.300000 -0.090804
267.400000 -0.133257
267.500000 -0.194728
267.600000 -0.281963
267.700000 -0.402493
267.800000 -0.563448
267.900000 -0.769522
268.000000 -1.020196
268.100000 -1.306838
268.200000 -1.610775
268.300000 -1.903683
268.400000 -2.151221
268.500000 -2.319648
268.600000 -2.383778
268.700000 -2.333574
268.800000 -2.176914
268.900000 -1.937414
269.000000 -1.648188
269.100000 -1.343910
269.200000 -1.053911
269.300000 -0.798138
269.400000 -0.586393
269.500000 -0.420045
269.600000 -0.294885
269.700000 -0.203953
269.800000 -0.139691
269.900000 -0.095214
270.000000 -0.064884
270.100000 -0.044393
270.200000 -0.030614
270.300000 -0.021350
270.400000 -0.015104
270.500000 -0.010867
270.600000 -0.007969
270.700000 -0.005968
270.800000 -0.004571
270.900000 -0.003586
271.000000 -0.002884
271.100000 -0.002380
271.200000 -0.002016
271.300000 -0.001755
271.400000 -0.001571
271.500000 -0.001445
271.600000 -0.001367
271.700000 -0.001330
271.800000 -0.001330
271.900000 -0.001369
272.000000 -0.001449
272.100000 -0.001577
272.200000 -0.001765
272.300000 -0.002030
272.400000 -0.002399
272.500000 -0.002910
272.600000 -0.003623
272.700000 -0.004624
272.800000 -0.006043
272.900000 -0.008077
273.000000 -0.011024
273.100000 -0.015334
273.200000 -0.021691
273.300000 -0.031120
273.400000 -0.045147
273.500000 -0.066002
273.600000 -0.096863
273.700000 -0.142094
273.800000 -0.207394
273.900000 -0.299693
274.000000 -0.426558
274.100000 -0.594876
274.200000 -0.808672
274.300000 -1.066256
274.400000 -1.357396
274.500000 -1.661687
274.600000 -1.949448
274.700000 -2.185909
274.800000 -2.338215
274.900000 -2.383342
275.000000 -2.314205
275.100000 -2.141611
275.200000 -1.891292
275.300000 -1.597181
275.400000 -1.293477
275.500000 -1.008121
275.600000 -0.759326
275.700000 -0.555309
275.800000 -0.396289
275.900000 -0.277408
276.000000 -0.191483
276.100000 -0.130999
276.200000 -0.089258
276.300000 -0.060849
276.400000 -0.041677
276.500000 -0.028788
276.600000 -0.020122
276.700000 -0.014273
276.800000 -0.010301
276.900000 -0.007580
277.000000 -0.005697
277.100000 -0.004381
277.200000 -0.003451
277.300000 -0.002787
277.400000 -0.002310
277.500000 -0.001966
277.600000 -0.001720
277.700000 -0.001546
277.800000 -0.001428
277.900000 -0.001358
278.000000 -0.001327
278.100000 -0.001334
278.200000 -0.001380
278.300000 -0.001467
278.400000 -0.001605
278.500000 -0.001804
278.600000 -0.002084
278.700000 -0.002474
278.800000 -0.003014
278.900000 -0.003768
279.000000 -0.004829
279.100000 -0.006335
279.200000 -0.008499
279.300000 -0.011638
279.400000 -0.016237
279.500000 -0.023027
279.600000 -0.033106
279.700000 -0.048103
279.800000 -0.070389
279.900000 -0.103326
280.000000 -0.151496
280.100000 -0.220823
280.200000 -0.318402
280.300000 -0.451802
280.400000 -0.627603
280.500000 -0.849080
280.600000 -1.113290
280.700000 -1.408349
280.800000 -1.712145
280.900000 -1.993758
281.000000 -2.218195
281.100000 -2.353714
281.200000 -2.379633
281.300000 -2.291876
281.400000 -2.104092
281.500000 -1.843931
281.600000 -1.545918
281.700000 -1.243585
281.800000 -0.963388
281.900000 -0.721799
282.000000 -0.525509
282.100000 -0.373672
282.200000 -0.260864
282.300000 -0.179730
282.400000 -0.122834
282.500000 -0.083676
282.600000 -0.057073
282.700000 -0.039136
282.800000 -0.027081
282.900000 -0.018972
283.000000 -0.013494
283.100000 -0.009769
283.200000 -0.007213
283.300000 -0.005442
283.400000 -0.004201
283.500000 -0.003323
283.600000 -0.002696
283.700000 -0.002244
283.800000 -0.001919
283.900000 -0.001686
284.000000 -0.001522
284.100000 -0.001414
284.200000 -0.001350
284.300000 -0.001326
284.400000 -0.001339
284.500000 -0.001391
284.600000 -0.001487
284.700000 -0.001633
284.800000 -0.001845
284.900000 -0.002141
285.000000 -0.002553
285.100000 -0.003124
285.200000 -0.003922
285.300000 -0.005046
285.400000 -0.006646
285.500000 -0.008948
285.600000 -0.012293
285.700000 -0.017201
285.800000 -0.024455
285.900000 -0.035230
286.000000 -0.051262
286.100000 -0.075074
286.200000 -0.110215
286.300000 -0.161492
286.400000 -0.235049
286.500000 -0.338126
286.600000 -0.478251
286.700000 -0.661635
286.800000 -0.890717
286.900000 -1.161220
287.000000 -1.459569
287.100000 -1.761985
287.200000 -2.036444
287.300000 -2.247941
287.400000 -2.366074
287.500000 -2.372668
287.600000 -2.266685
287.700000 -2.064510
287.800000 -1.795503
287.900000 -1.494551
288.000000 -1.194344
288.100000 -0.919770
288.200000 -0.685570
288.300000 -0.496975
288.400000 -0.352162
288.500000 -0.245216
288.600000 -0.168660
288.700000 -0.115167
288.800000 -0.078446
288.900000 -0.053539
289.000000 -0.036760
289.100000 -0.025484
289.200000 -0.017895
289.300000 -0.012764
289.400000 -0.009270
289.500000 -0.006869
289.600000 -0.005202
289.700000 -0.004032
289.800000 -0.003202
289.900000 -0.002609
290.000000 -0.002182
290.100000 -0.001874
290.200000 -0.001654
290.300000 -0.001501
290.400000 -0.001400
290.500000 -0.001343
290.600000 -0.001325
290.700000 -0.001345
290.800000 -0.001404
290.900000 -0.001507
291.000000 -0.001664
291.100000 -0.001888
291.200000 -0.002201
291.300000 -0.002636
291.400000 -0.003240
291.500000 -0.004085
291.600000 -0.005277
291.700000 -0.006976
291.800000 -0.009426
291.900000 -0.012992
292.000000 -0.018231
292.100000 -0.025982
292.200000 -0.037500
292.300000 -0.054640
292.400000 -0.080076
292.500000 -0.117558
292.600000 -0.172116
292.700000 -0.250108
292.800000 -0.358899
292.900000 -0.505933
293.000000 -0.696975
293.100000 -0.933548
293.200000 -1.209961
293.300000 -1.510925
293.400000 -1.811043
293.500000 -2.077340
293.600000 -2.275018
293.700000 -2.375240
293.800000 -2.362479
293.900000 -2.238744
294.000000 -2.023026
294.100000 -1.746177
294.200000 -1.443223
294.300000 -1.145851
294.400000 -0.877316
294.500000 -0.650647
294.600000 -0.469689
294.700000 -0.331727
294.800000 -0.230426
294.900000 -0.158240
295.000000 -0.107971
295.100000 -0.073547
295.200000 -0.050232
295.300000 -0.034537
295.400000 -0.023990
295.500000 -0.016887
295.600000 -0.012080
295.700000 -0.008801
295.800000 -0.006545
295.900000 -0.004975
296.000000 -0.003872
296.100000 -0.003088
296.200000 -0.002527
296.300000 -0.002123
296.400000 -0.001831
296.500000 -0.001624
296.600000 -0.001480
296.700000 -0.001387
296.800000 -0.001337
296.900000 -0.001326
297.000000 -0.001352
297.100000 -0.001418
297.200000 -0.001530
297.300000 -0.001696
297.400000 -0.001934
297.500000 -0.002265
297.600000 -0.002724
297.700000 -0.003363
297.800000 -0.004257
297.900000 -0.005522
298.000000 -0.007328
298.100000 -0.009935
298.200000 -0.013737
298.300000 -0.019330
298.400000 -0.027613
298.500000 -0.039928
298.600000 -0.058249
298.700000 -0.085416
298.800000 -0.125381
298.900000 -0.183400
299.000000 -0.266038
299.100000 -0.380758
299.200000 -0.534868
299.300000 -0.733619
299.400000 -0.977527
299.500000 -1.259421
299.600000 -1.562275
299.700000 -1.859150
299.800000 -2.116281
299.900000 -2.299308
300.000000 -2.381170
300.100000 -2.349112
300.200000 -2.208174
300.300000 -1.979804
300.400000 -1.696122
300.500000 -1.392074
300.600000 -1.098198
300.700000 -0.836067
300.800000 -0.617031
300.900000 -0.443626
301.000000 -0.312331
301.100000 -0.216458
301.200000 -0.148436
301.300000 -0.101221
301.400000 -0.068959
301.500000 -0.047139
301.600000 -0.032459
301.700000 -0.022592
301.800000 -0.015943
301.900000 -0.011438
302.000000 -0.008361
302.100000 -0.006240
302.200000 -0.004762
302.300000 -0.003721
302.400000 -0.002981
302.500000 -0.002449
302.600000 -0.002067
302.700000 -0.001791
302.800000 -0.001596
302.900000 -0.001461
303.000000 -0.001376
303.100000 -0.001333
303.200000 -0.001328
303.300000 -0.001360
303.400000 -0.001434
303.500000 -0.001553
303.600000 -0.001731
303.700000 -0.001982
303.800000 -0.002332
303.900000 -0.002817
304.000000 -0.003493
304.100000 -0.004440
304.200000 -0.005782
304.300000 -0.007701
304.400000 -0.010477
304.500000 -0.014532
304.600000 -0.020505
304.700000 -0.029357
304.800000 -0.042523
304.900000 -0.062106
305.000000 -0.091115
305.100000 -0.133710
305.200000 -0.195378
305.300000 -0.282875
305.400000 -0.403735
305.500000 -0.565076
305.600000 -0.771558
305.700000 -1.022603
305.800000 -1.309497
305.900000 -1.613473
306.000000 -1.906134
306.100000 -2.153111
306.200000 -2.320704
306.300000 -2.383837
306.400000 -2.332627
306.500000 -2.175107
306.600000 -1.935012
306.700000 -1.645502
306.800000 -1.341234
306.900000 -1.051467
307.000000 -0.796056
307.100000 -0.584719
307.200000 -0.418762
307.300000 -0.293938
307.400000 -0.203276
307.500000 -0.139218
307.600000 -0.094890
307.700000 -0.064664
307.800000 -0.044245
307.900000 -0.030514
308.000000 -0.021283
308.100000 -0.015059
308.200000 -0.010836
308.300000 -0.007948
308.400000 -0.005953
308.500000 -0.004561
308.600000 -0.003579
308.700000 -0.002879
308.800000 -0.002376
308.900000 -0.002014
309.000000 -0.001753
309.100000 -0.001569
309.200000 -0.001444
309.300000 -0.001366
309.400000 -0.001329
309.500000 -0.001331
309.600000 -0.001370
309.700000 -0.001450
309.800000 -0.001579
309.900000 -0.001767
310.000000 -0.002033
310.100000 -0.002403
310.200000 -0.002916
310.300000 -0.003631
310.400000 -0.004634
310.500000 -0.006058
310.600000 -0.008099
310.700000 -0.011055
310.800000 -0.015381
310.900000 -0.021759
311.000000 -0.031221
311.100000 -0.045298
311.200000 -0.066227
311.300000 -0.097194
311.400000 -0.142576
311.500000 -0.208084
311.600000 -0.300656
311.700000 -0.427862
311.800000 -0.596572
311.900000 -0.810775
312.000000 -1.068717
312.100000 -1.360079
312.200000 -1.664365
312.300000 -1.951826
312.400000 -2.187676
312.500000 -2.339111
312.600000 -2.383228
312.700000 -2.313099
312.800000 -2.139684
312.900000 -1.888820
313.000000 -1.594478
313.100000 -1.290827
313.200000 -1.005731
313.300000 -0.757312
313.400000 -0.553703
313.500000 -0.395066
313.600000 -0.276511
313.700000 -0.190845
313.800000 -0.130554
313.900000 -0.088954
314.000000 -0.060643
314.100000 -0.041539
