0.000000 1.989568
0.100000 1.683282
0.200000 1.433590
0.300000 1.230475
0.400000 1.065454
0.500000 0.931488
0.600000 0.822818
0.700000 0.734791
0.800000 0.663681
0.900000 0.606531
1.000000 0.561012
1.100000 0.525310
1.200000 0.498034
1.300000 0.478144
1.400000 0.464893
1.500000 0.457791
1.600000 0.456579
1.700000 0.461212
1.800000 0.471859
1.900000 0.488913
2.000000 0.513009
2.100000 0.545059
2.200000 0.586300
2.300000 0.638362
2.400000 0.703345
2.500000 0.783930
2.600000 0.883506
2.700000 1.006320
2.800000 1.157646
2.900000 1.343972
3.000000 1.573164
3.100000 1.854595
3.200000 2.199174
3.300000 2.619179
3.400000 3.127812
3.500000 3.738313
3.600000 4.462505
3.700000 5.308664
3.800000 6.278717
3.900000 7.364947
4.000000 8.546662
4.100000 9.787595
4.200000 11.035017
4.300000 12.221584
4.400000 13.270535
4.500000 14.104152
4.600000 14.654314
4.700000 14.873067
4.800000 14.740691
4.900000 14.269162
5.000000 13.500043
5.100000 12.497389
5.200000 11.337565
5.300000 10.098465
5.400000 8.850389
5.500000 7.649981
5.600000 6.537594
5.700000 5.537586
5.800000 4.660593
5.900000 3.906758
6.000000 3.269092
6.100000 2.736427
6.200000 2.295712
6.300000 1.933635
6.400000 1.637631
6.500000 1.396429
6.600000 1.200272
6.700000 1.040928
6.800000 0.911586
6.900000 0.806685
7.000000 0.721740
7.100000 0.653166
7.200000 0.598119
7.300000 0.554365
7.400000 0.520167
7.500000 0.494197
7.600000 0.475468
7.700000 0.463278
7.800000 0.457179
7.900000 0.456947
8.000000 0.462574
8.100000 0.474265
8.200000 0.492451
8.300000 0.517812
8.400000 0.551312
8.500000 0.594247
8.600000 0.648320
8.700000 0.715721
8.800000 0.799241
8.900000 0.902402
9.000000 1.029610
9.100000 1.186332
9.200000 1.379276
9.300000 1.616554
9.400000 1.907800
9.500000 2.264170
9.600000 2.698139
9.700000 3.222992
9.800000 3.851850
9.900000 4.596105
10.000000 5.463182
10.100000 6.453623
10.200000 7.557754
10.300000 8.752412
10.400000 9.998562
10.500000 11.240802
10.600000 12.409744
10.700000 13.427799
10.800000 14.218094
10.900000 14.715196
11.000000 14.875437
11.100000 14.684334
11.200000 14.159136
11.300000 13.345797
11.400000 12.311203
11.500000 11.132708
11.600000 9.887497
11.700000 8.643903
11.800000 7.455926
11.900000 6.361142
12.000000 5.381403
12.100000 4.525343
12.200000 3.791678
12.300000 3.172525
12.400000 2.656257
12.500000 2.229686
12.600000 1.879567
12.700000 1.593526
12.800000 1.360538
12.900000 1.171106
13.000000 1.017248
13.100000 0.892372
13.200000 0.791114
13.300000 0.709150
13.400000 0.643032
13.500000 0.590025
13.600000 0.547987
13.700000 0.515256
13.800000 0.490564
13.900000 0.472976
14.000000 0.461835
14.100000 0.456733
14.200000 0.457480
14.300000 0.464106
14.400000 0.476853
14.500000 0.496191
14.600000 0.522845
14.700000 0.557830
14.800000 0.602507
14.900000 0.658653
15.000000 0.728552
15.100000 0.815106
15.200000 0.921975
15.300000 1.053732
15.400000 1.216039
15.500000 1.415830
15.600000 1.661466
15.700000 1.962843
15.800000 2.331358
15.900000 2.779669
16.000000 3.321117
16.100000 3.968658
16.200000 4.733194
16.300000 5.621211
16.400000 6.631775
16.500000 7.753157
16.600000 8.959657
16.700000 10.209452
16.800000 11.444534
16.900000 12.593637
17.000000 13.578598
17.100000 14.323696
17.200000 14.766485
17.300000 14.867799
17.400000 14.618464
17.500000 14.040914
17.600000 13.185271
17.700000 12.120948
17.800000 10.925986
17.900000 9.676609
18.000000 8.439028
18.100000 7.264543
18.200000 6.187973
18.300000 5.228740
18.400000 4.393569
18.500000 3.679845
18.600000 3.078871
18.700000 2.578624
18.800000 2.165819
18.900000 1.827307
19.000000 1.550918
19.100000 1.325875
19.200000 1.142944
19.300000 0.994384
19.400000 0.873824
19.500000 0.776086
19.600000 0.697007
19.700000 0.633267
19.800000 0.582240
19.900000 0.541872
20.000000 0.510571
20.100000 0.487131
20.200000 0.470666
20.300000 0.460563
20.400000 0.456451
20.500000 0.458180
20.600000 0.465812
20.700000 0.479628
20.800000 0.500138
20.900000 0.528113
21.000000 0.564622
21.100000 0.611090
21.200000 0.669374
21.300000 0.741851
21.400000 0.831543
21.500000 0.942249
21.600000 1.078715
21.700000 1.246803
21.800000 1.453676
21.900000 1.707951
22.000000 2.019781
22.100000 2.400800
22.200000 2.863833
22.300000 3.422246
22.400000 4.088783
22.500000 4.873791
22.600000 5.782730
22.700000 6.813092
22.800000 7.951005
22.900000 9.168163
23.000000 10.419957
23.100000 11.645852
23.200000 12.772885
23.300000 13.722584
23.400000 14.420697
23.500000 14.808050
23.600000 14.850173
23.700000 14.543249
23.800000 13.914785
23.900000 13.018825
24.000000 11.927005
24.100000 10.717749
24.200000 9.466089
24.300000 8.235976
24.400000 7.075964
24.500000 6.018151
24.600000 5.079605
24.700000 4.265243
24.800000 3.571206
24.900000 2.988066
25.000000 2.503462
25.100000 2.104050
25.200000 1.776801
25.300000 1.509757
25.400000 1.292400
25.500000 1.115750
25.600000 0.972309
25.700000 0.855919
25.800000 0.761585
25.900000 0.685296
26.000000 0.623860
26.100000 0.574756
26.200000 0.536012
26.300000 0.506107
26.400000 0.483894
26.500000 0.468535
26.600000 0.459459
26.700000 0.456334
26.800000 0.459045
26.900000 0.467692
27.000000 0.482590
27.100000 0.504295
27.200000 0.533621
27.300000 0.571694
27.400000 0.620007
27.500000 0.680494
27.600000 0.755636
27.700000 0.848571
27.800000 0.963249
27.900000 1.104589
28.000000 1.278660
28.100000 1.492860
28.200000 1.756060
28.300000 2.078672
28.400000 2.472560
28.500000 2.950696
28.600000 3.526437
28.700000 4.212269
28.800000 5.017909
28.900000 5.947708
29.000000 6.997483
29.100000 8.151131
29.200000 9.377686
29.300000 10.629759
29.400000 11.844388
29.500000 12.947109
29.600000 13.859423
29.700000 14.508853
29.800000 14.839781
29.900000 14.822605
30.000000 14.458881
30.100000 13.781052
30.200000 12.846827
30.300000 11.729750
30.400000 10.508340
30.500000 9.256215
30.600000 8.034944
30.700000 6.890309
30.800000 5.851728
30.900000 4.934002
31.000000 4.140331
31.100000 3.465709
31.200000 2.900050
31.300000 2.430708
31.400000 2.044319
31.500000 1.727993
31.600000 1.469998
31.700000 1.260072
31.800000 1.089491
31.900000 0.950996
32.000000 0.838635
32.100000 0.747591
32.200000 0.674003
32.300000 0.614801
32.400000 0.567563
32.500000 0.530401
32.600000 0.501861
32.700000 0.480851
32.800000 0.466581
32.900000 0.458523
33.000000 0.456382
33.100000 0.460078
33.200000 0.469747
33.300000 0.485745
33.400000 0.508666
33.500000 0.539375
33.600000 0.579055
33.700000 0.629266
33.800000 0.692028
33.900000 0.769921
34.000000 0.866213
34.100000 0.985001
34.200000 1.131385
34.300000 1.311648
34.400000 1.533425
34.500000 1.805845
34.600000 2.139576
34.700000 2.546701
34.800000 3.040319
34.900000 3.633746
35.000000 4.339155
35.100000 5.165558
35.200000 6.116106
35.300000 7.184845
35.400000 8.353356
35.500000 9.587967
35.600000 10.838531
35.700000 12.039771
35.800000 13.115936
35.900000 13.988789
36.000000 14.587944
36.100000 14.861598
36.200000 14.785166
36.300000 14.365574
36.400000 13.640033
36.500000 12.669647
36.600000 11.529558
36.700000 10.298091
36.800000 9.047250
36.900000 7.836117
37.000000 6.707687
37.100000 5.688750
37.200000 4.791924
37.300000 4.018796
37.400000 3.363299
37.500000 2.814758
37.600000 2.360298
37.700000 1.986566
37.800000 1.680831
37.900000 1.431594
38.000000 1.228853
38.100000 1.064137
38.200000 0.930419
38.300000 0.821951
38.400000 0.734089
38.500000 0.663116
38.600000 0.606079
38.700000 0.560654
38.800000 0.525033
38.900000 0.497827
39.000000 0.477998
39.100000 0.464803
39.200000 0.457754
39.300000 0.456594
39.400000 0.461279
39.500000 0.471982
39.600000 0.489095
39.700000 0.513257
39.800000 0.545383
39.900000 0.586712
40.000000 0.638879
40.100000 0.703987
40.200000 0.784725
40.300000 0.884488
40.400000 1.007529
40.500000 1.159136
40.600000 1.345806
40.700000 1.575418
40.800000 1.857361
40.900000 2.202553
41.000000 2.623286
41.100000 3.132767
41.200000 3.744229
41.300000 4.469475
41.400000 5.316738
41.500000 6.287874
41.600000 7.375064
41.700000 8.557489
41.800000 9.798735
41.900000 11.045932
42.000000 12.231623
42.100000 13.278997
42.200000 14.110374
42.300000 14.657768
42.400000 14.873442
42.500000 14.737954
42.600000 14.263560
42.700000 13.492059
42.800000 12.487663
42.900000 11.326797
43.000000 10.087325
43.100000 8.839445
43.200000 7.639666
43.300000 6.528193
43.400000 5.529249
43.500000 4.653362
43.600000 3.900597
43.700000 3.263918
43.800000 2.732128
43.900000 2.292170
44.000000 1.930733
44.100000 1.635263
44.200000 1.394502
44.300000 1.198706
44.400000 1.039657
44.500000 0.910554
44.600000 0.805848
44.700000 0.721064
44.800000 0.652621
44.900000 0.597684
45.000000 0.554022
45.100000 0.519902
45.200000 0.494000
45.300000 0.475331
45.400000 0.463198
45.500000 0.457151
45.600000 0.456971
45.700000 0.462650
45.800000 0.474397
45.900000 0.492644
46.000000 0.518072
46.100000 0.551649
46.200000 0.594675
46.300000 0.648856
46.400000 0.716387
46.500000 0.800065
46.600000 0.903419
46.700000 1.030863
46.800000 1.187875
46.900000 1.381175
47.000000 1.618888
47.100000 1.910661
47.200000 2.267663
47.300000 2.702381
47.400000 3.228101
47.500000 3.857937
47.600000 4.603259
47.700000 5.471441
47.800000 6.462953
47.900000 7.568012
48.000000 8.763324
48.100000 10.009706
48.200000 11.251618
48.300000 12.419568
48.400000 13.435929
48.500000 14.223883
48.600000 14.718146
48.700000 14.875284
48.800000 14.681091
48.900000 14.153094
49.000000 13.337472
49.100000 12.301252
49.200000 11.121832
49.300000 9.876353
49.400000 8.633039
49.500000 7.445749
49.600000 6.351912
49.700000 5.373251
49.800000 4.518296
49.900000 3.785690
50.000000 3.167506
50.100000 2.652094
50.200000 2.226259
50.300000 1.876762
50.400000 1.591238
50.500000 1.358677
50.600000 1.169594
50.700000 1.016020
50.800000 0.891376
50.900000 0.790306
51.000000 0.708498
51.100000 0.642507
51.200000 0.589606
51.300000 0.547658
51.400000 0.515003
51.500000 0.490378
51.600000 0.472849
51.700000 0.461764
51.800000 0.456714
51.900000 0.457513
52.000000 0.464192
52.100000 0.476995
52.200000 0.496395
52.300000 0.523118
52.400000 0.558182
52.500000 0.602952
52.600000 0.659209
52.700000 0.729242
52.800000 0.815960
52.900000 0.923028
53.000000 1.055030
53.100000 1.217637
53.200000 1.417796
53.300000 1.663882
53.400000 1.965803
53.500000 2.334969
53.600000 2.784048
53.700000 3.326383
53.800000 3.974919
53.900000 4.740532
54.000000 5.629656
54.100000 6.641273
54.200000 7.763548
54.300000 8.970640
54.400000 10.220583
54.500000 11.455231
54.600000 12.603225
54.700000 13.586377
54.800000 14.329037
54.900000 14.768925
55.000000 14.867118
55.100000 14.614723
55.200000 14.034447
55.300000 13.176624
55.400000 12.110793
55.500000 10.915022
55.600000 9.665477
55.700000 8.428256
55.800000 7.254511
55.900000 6.178919
56.000000 5.220774
56.100000 4.386705
56.200000 3.674027
56.300000 3.074003
56.400000 2.574592
56.500000 2.162504
56.600000 1.824596
56.700000 1.548708
56.800000 1.324078
56.900000 1.141483
57.000000 0.993198
57.100000 0.872862
57.200000 0.775307
57.300000 0.696378
57.400000 0.632761
57.500000 0.581838
57.600000 0.541556
57.700000 0.510330
57.800000 0.486955
57.900000 0.470549
58.000000 0.460500
58.100000 0.456441
58.200000 0.458221
58.300000 0.465907
58.400000 0.479779
58.500000 0.500352
58.600000 0.528398
58.700000 0.564988
58.800000 0.611553
58.900000 0.669951
59.000000 0.742567
59.100000 0.832427
59.200000 0.943340
59.300000 1.080059
59.400000 1.248458
59.500000 1.455712
59.600000 1.710451
59.700000 2.022842
59.800000 2.404532
59.900000 2.868354
60.000000 3.427672
60.100000 4.095221
60.200000 4.881315
60.300000 5.791358
60.400000 6.822755
60.500000 7.961520
60.600000 9.179207
60.700000 10.431059
60.800000 11.656412
60.900000 12.782216
61.000000 13.729994
61.100000 14.425576
61.200000 14.809973
61.300000 14.848965
61.400000 14.539020
61.500000 13.907909
61.600000 13.009876
61.700000 11.916666
61.800000 10.706714
61.900000 9.454985
62.000000 8.225305
62.100000 7.066083
62.200000 6.009275
62.300000 5.071826
62.400000 4.258560
62.500000 3.565556
62.600000 2.983348
62.700000 2.499560
62.800000 2.100845
62.900000 1.774181
63.000000 1.507622
63.100000 1.290664
63.200000 1.114340
63.300000 0.971164
63.400000 0.854990
63.500000 0.760833
63.600000 0.684689
63.700000 0.623373
63.800000 0.574369
63.900000 0.535709
64.000000 0.505878
64.100000 0.483729
64.200000 0.468427
64.300000 0.459406
64.400000 0.456333
64.500000 0.459096
64.600000 0.467796
64.700000 0.482752
64.800000 0.504520
64.900000 0.533918
65.000000 0.572076
65.100000 0.620487
65.200000 0.681093
65.300000 0.756377
65.400000 0.849488
65.500000 0.964379
65.600000 1.105981
65.700000 1.280373
65.800000 1.494967
65.900000 1.758647
66.000000 2.081839
66.100000 2.476416
66.200000 2.955360
66.300000 3.532026
66.400000 4.218886
66.500000 5.025620
66.600000 5.956518
66.700000 7.007306
66.800000 8.161761
66.900000 9.388776
67.000000 10.640816
67.100000 11.854791
67.200000 12.956165
67.300000 13.866446
67.400000 14.513259
67.500000 14.841182
67.600000 14.820874
67.700000 14.454174
67.800000 13.773783
67.900000 12.837594
68.000000 11.719246
68.100000 10.497253
68.200000 9.245152
68.300000 8.024385
68.400000 6.880586
68.500000 5.843033
68.600000 4.926409
68.700000 4.133827
68.800000 3.460223
68.900000 2.895477
69.000000 2.426931
69.100000 2.041220
69.200000 1.725461
69.300000 1.467936
69.400000 1.258395
69.500000 1.088130
69.600000 0.949891
69.700000 0.837738
69.800000 0.746866
69.900000 0.673418
70.000000 0.614332
70.100000 0.567191
70.200000 0.530111
70.300000 0.501643
70.400000 0.480696
70.500000 0.466483
70.600000 0.458479
70.700000 0.456389
70.800000 0.460137
70.900000 0.469861
71.000000 0.485917
71.100000 0.508903
71.200000 0.539686
71.300000 0.579452
71.400000 0.629765
71.500000 0.692649
71.600000 0.770690
71.700000 0.867162
71.800000 0.986171
71.900000 1.132827
72.000000 1.313422
72.100000 1.535607
72.200000 1.808523
72.300000 2.142850
72.400000 2.550684
72.500000 3.045131
72.600000 3.639502
72.700000 4.345952
72.800000 5.173455
72.900000 6.125095
73.000000 7.194822
73.100000 8.364093
73.200000 9.599090
73.300000 10.849523
73.400000 12.049996
73.500000 13.124697
73.600000 13.995409
73.700000 14.591865
73.800000 14.862473
73.900000 14.782916
74.000000 14.360401
74.100000 13.632388
74.200000 12.660152
74.300000 11.518909
74.400000 10.286968
74.500000 9.036242
74.600000 7.825679
74.700000 6.698127
74.800000 5.680238
74.900000 4.784518
75.000000 4.012470
75.100000 3.357975
75.200000 2.810328
75.300000 2.356643
75.400000 1.983570
75.500000 1.678385
75.600000 1.429603
75.700000 1.227234
75.800000 1.062823
75.900000 0.929352
76.000000 0.821086
76.100000 0.733390
76.200000 0.662552
76.300000 0.605627
76.400000 0.560297
76.500000 0.524756
76.600000 0.497619
76.700000 0.477852
76.800000 0.464714
76.900000 0.457718
77.000000 0.456610
77.100000 0.461348
77.200000 0.472105
77.300000 0.489278
77.400000 0.513506
77.500000 0.545707
77.600000 0.587125
77.700000 0.639396
77.800000 0.704631
77.900000 0.785522
78.000000 0.885471
78.100000 1.008742
78.200000 1.160629
78.300000 1.347643
78.400000 1.577677
78.500000 1.860131
78.600000 2.205938
78.700000 2.627401
78.800000 3.137730
78.900000 3.750154
79.000000 4.476454
79.100000 5.324821
79.200000 6.297039
79.300000 7.385189
79.400000 8.568321
79.500000 9.809876
79.600000 11.056843
79.700000 12.241651
79.800000 13.287443
79.900000 14.116574
80.000000 14.661195
80.100000 14.873790
80.200000 14.735191
80.300000 14.257934
80.400000 13.484056
80.500000 12.477924
80.600000 11.316023
80.700000 10.076184
80.800000 8.828506
80.900000 7.629359
81.000000 6.518801
81.100000 5.520921
81.200000 4.646140
81.300000 3.894446
81.400000 3.258752
81.500000 2.727836
81.600000 2.288633
81.700000 1.927836
81.800000 1.632900
81.900000 1.392578
82.000000 1.197142
82.100000 1.038387
82.200000 0.909524
82.300000 0.805013
82.400000 0.720388
82.500000 0.652078
82.600000 0.597249
82.700000 0.553679
82.800000 0.519637
82.900000 0.493804
83.000000 0.475196
83.100000 0.463118
83.200000 0.457124
83.300000 0.456996
83.400000 0.462727
83.500000 0.474529
83.600000 0.492837
83.700000 0.518333
83.800000 0.551987
83.900000 0.595104
84.000000 0.649393
84.100000 0.717055
84.200000 0.800891
84.300000 0.904437
84.400000 1.032118
84.500000 1.189422
84.600000 1.383077
84.700000 1.621226
84.800000 1.913527
84.900000 2.271163
85.000000 2.706629
85.100000 3.233218
85.200000 3.864034
85.300000 4.610422
85.400000 5.479711
85.500000 6.472291
85.600000 7.578277
85.700000 8.774239
85.800000 10.020849
85.900000 11.262428
86.000000 12.429379
86.100000 13.444041
86.200000 14.229649
86.300000 14.721070
86.400000 14.875103
86.500000 14.677822
86.600000 14.147029
86.700000 13.329129
86.800000 12.291289
86.900000 11.110952
87.000000 9.865210
87.100000 8.622180
87.200000 7.435579
87.300000 6.342692
87.400000 5.365109
87.500000 4.511259
87.600000 3.779712
87.700000 3.162495
87.800000 2.647937
87.900000 2.222838
88.000000 1.873962
88.100000 1.588955
88.200000 1.356819
88.300000 1.168085
88.400000 1.014794
88.500000 0.890382
88.600000 0.789501
88.700000 0.707847
88.800000 0.641983
88.900000 0.589188
89.000000 0.547329
89.100000 0.514750
89.200000 0.490192
89.300000 0.472723
89.400000 0.461693
89.500000 0.456695
89.600000 0.457546
89.700000 0.464278
89.800000 0.477137
89.900000 0.496599
90.000000 0.523390
90.100000 0.558535
90.200000 0.603398
90.300000 0.659767
90.400000 0.729934
90.500000 0.816815
90.600000 0.924083
90.700000 1.056330
90.800000 1.219239
90.900000 1.419766
91.000000 1.666302
91.100000 1.968767
91.200000 2.338586
91.300000 2.788435
91.400000 3.331657
91.500000 3.981190
91.600000 4.747881
91.700000 5.638110
91.800000 6.650781
91.900000 7.773945
92.000000 8.981628
92.100000 10.231713
92.200000 11.465922
92.300000 12.612799
92.400000 13.594137
92.500000 14.334354
92.600000 14.771338
92.700000 14.866408
92.800000 14.610956
92.900000 14.027958
93.000000 13.167961
93.100000 12.100628
93.200000 10.904053
93.300000 9.654347
93.400000 8.417488
93.500000 7.244486
93.600000 6.169874
93.700000 5.212818
93.800000 4.379850
93.900000 3.668218
94.000000 3.069144
94.100000 2.570568
94.200000 2.159196
94.300000 1.821890
94.400000 1.546502
94.500000 1.322284
94.600000 1.140026
94.700000 0.992015
94.800000 0.871902
94.900000 0.774530
95.000000 0.695750
95.100000 0.632256
95.200000 0.581436
95.300000 0.541241
95.400000 0.510089
95.500000 0.486780
95.600000 0.470432
95.700000 0.460438
95.800000 0.456431
95.900000 0.458263
96.000000 0.466002
96.100000 0.479932
96.200000 0.500567
96.300000 0.528683
96.400000 0.565356
96.500000 0.612016
96.600000 0.670529
96.700000 0.743284
96.800000 0.833313
96.900000 0.944433
97.000000 1.081406
97.100000 1.250116
97.200000 1.457752
97.300000 1.712956
97.400000 2.025909
97.500000 2.408270
97.600000 2.872881
97.700000 3.433107
97.800000 4.101669
97.900000 4.888849
98.000000 5.799996
98.100000 6.832427
98.200000 7.972042
98.300000 9.190253
98.400000 10.442159
98.500000 11.666963
98.600000 12.791534
98.700000 13.737384
98.800000 14.430431
98.900000 14.811868
99.000000 14.847729
99.100000 14.534765
99.200000 13.901011
99.300000 13.000911
99.400000 11.906317
99.500000 10.695676
99.600000 9.443882
99.700000 8.214640
99.800000 7.056211
99.900000 6.000408
100.000000 5.064057
100.100000 4.251886
100.200000 3.559914
100.300000 2.978638
100.400000 2.495664
100.500000 2.097645
100.600000 1.771566
100.700000 1.505492
100.800000 1.288931
100.900000 1.112932
101.000000 0.970022
101.100000 0.854064
101.200000 0.760083
101.300000 0.684084
101.400000 0.622887
101.500000 0.573982
101.600000 0.535407
101.700000 0.505649
101.800000 0.483564
101.900000 0.468320
102.000000 0.459353
102.100000 0.456331
102.200000 0.459146
102.300000 0.467900
102.400000 0.482915
102.500000 0.504746
102.600000 0.534217
102.700000 0.572458
102.800000 0.620968
102.900000 0.681693
103.000000 0.757121
103.100000 0.850406
103.200000 0.965511
103.300000 1.107375
103.400000 1.282090
103.500000 1.497079
103.600000 1.761239
103.700000 2.085010
103.800000 2.480278
103.900000 2.960032
104.000000 3.537625
104.100000 4.225512
104.200000 5.033340
104.300000 5.965337
104.400000 7.017138
104.500000 8.172398
104.600000 9.399869
104.700000 10.651869
104.800000 11.865184
104.900000 12.965205
105.000000 13.873448
105.100000 14.517640
105.200000 14.842556
105.300000 14.819115
105.400000 14.449443
105.500000 13.766493
105.600000 12.828348
105.700000 11.708734
105.800000 10.486163
105.900000 9.234092
106.000000 8.013833
106.100000 6.870872
106.200000 5.834348
106.300000 4.918826
106.400000 4.127333
106.500000 3.454746
106.600000 2.890912
106.700000 2.423160
106.800000 2.038126
106.900000 1.722934
107.000000 1.465878
107.100000 1.256722
107.200000 1.086771
107.300000 0.948788
107.400000 0.836844
107.500000 0.746142
107.600000 0.672834
107.700000 0.613864
107.800000 0.566820
107.900000 0.529822
108.000000 0.501425
108.100000 0.480541
108.200000 0.466385
108.300000 0.458434
108.400000 0.456396
108.500000 0.460197
108.600000 0.469975
108.700000 0.486090
108.800000 0.509141
108.900000 0.539998
109.000000 0.579850
109.100000 0.630264
109.200000 0.693271
109.300000 0.771461
109.400000 0.868113
109.500000 0.987343
109.600000 1.134271
109.700000 1.315200
109.800000 1.537793
109.900000 1.811205
110.000000 2.146130
110.100000 2.554674
110.200000 3.049951
110.300000 3.645267
110.400000 4.352759
110.500000 5.181362
110.600000 6.134093
110.700000 7.204807
110.800000 8.374834
110.900000 9.610215
111.000000 10.860511
111.100000 12.060211
111.200000 13.133441
111.300000 14.002007
111.400000 14.595761
111.500000 14.863321
111.600000 14.780639
111.700000 14.355204
111.800000 13.624724
111.900000 12.650643
112.000000 11.508253
112.100000 10.275844
112.200000 9.025238
112.300000 7.815249
112.400000 6.688575
112.500000 5.671735
112.600000 4.777121
112.700000 4.006152
112.800000 3.352659
112.900000 2.805905
113.000000 2.352995
113.100000 1.980579
113.200000 1.675943
113.300000 1.427615
113.400000 1.225618
113.500000 1.061510
113.600000 0.928287
113.700000 0.820223
113.800000 0.732691
113.900000 0.661989
114.000000 0.605177
114.100000 0.559941
114.200000 0.524480
114.300000 0.497413
114.400000 0.477707
114.500000 0.464625
114.600000 0.457683
114.700000 0.456626
114.800000 0.461416
114.900000 0.472228
115.000000 0.489461
115.100000 0.513755
115.200000 0.546032
115.300000 0.587539
115.400000 0.639915
115.500000 0.705276
115.600000 0.786320
115.700000 0.886456
115.800000 1.009956
115.900000 1.162125
116.000000 1.349484
116.100000 1.579940
116.200000 1.862906
116.300000 2.209329
116.400000 2.631522
116.500000 3.142701
116.600000 3.756088
116.700000 4.483444
116.800000 5.332914
116.900000 6.306214
117.000000 7.395321
117.100000 8.579157
117.200000 9.821018
117.300000 11.067748
117.400000 12.251669
117.500000 13.295871
117.600000 14.122752
117.700000 14.664595
117.800000 14.874110
117.900000 14.732401
118.000000 14.252285
118.100000 13.476035
118.200000 12.468173
118.300000 11.305242
118.400000 10.065042
118.500000 8.817570
118.600000 7.619058
118.700000 6.509417
118.800000 5.512603
118.900000 4.638928
119.000000 3.888304
119.100000 3.253594
119.200000 2.723551
119.300000 2.285103
119.400000 1.924945
119.500000 1.630540
119.600000 1.390658
119.700000 1.195582
119.800000 1.037120
119.900000 0.908496
120.000000 0.804180
120.100000 0.719715
120.200000 0.651535
120.300000 0.596816
120.400000 0.553337
120.500000 0.519373
120.600000 0.493608
120.700000 0.475061
120.800000 0.463038
120.900000 0.457097
121.000000 0.457020
121.100000 0.462805
121.200000 0.474663
121.300000 0.493030
121.400000 0.518595
121.500000 0.552327
121.600000 0.595535
121.700000 0.649932
121.800000 0.717724
121.900000 0.801718
122.000000 0.905458
122.100000 1.033376
122.200000 1.190971
122.300000 1.384984
122.400000 1.623568
122.500000 1.916398
122.600000 2.274668
122.700000 2.710885
122.800000 3.238343
122.900000 3.870140
123.000000 4.617595
123.100000 5.487990
123.200000 6.481639
123.300000 7.588549
123.400000 8.785159
123.500000 10.031993
123.600000 11.273232
123.700000 12.439178
123.800000 13.452135
123.900000 14.235391
124.000000 14.723967
124.100000 14.874894
124.200000 14.674526
124.300000 14.140942
124.400000 13.320770
124.500000 12.281316
124.600000 11.100066
124.700000 9.854067
124.800000 8.611325
124.900000 7.425417
125.000000 6.333481
125.100000 5.356977
125.200000 4.504231
125.300000 3.773742
125.400000 3.157492
125.500000 2.643788
125.600000 2.219423
125.700000 1.871167
125.800000 1.586676
125.900000 1.354965
126.000000 1.166578
126.100000 1.013571
126.200000 0.889389
126.300000 0.788697
126.400000 0.707197
126.500000 0.641460
126.600000 0.588771
126.700000 0.547001
126.800000 0.514498
126.900000 0.490007
127.000000 0.472598
127.100000 0.461623
127.200000 0.456677
127.300000 0.457580
127.400000 0.464365
127.500000 0.477280
127.600000 0.496803
127.700000 0.523664
127.800000 0.558888
127.900000 0.603845
128.000000 0.660326
128.100000 0.730627
128.200000 0.817672
128.300000 0.925140
128.400000 1.057633
128.500000 1.220843
128.600000 1.421740
128.700000 1.668726
128.800000 1.971738
128.900000 2.342209
129.000000 2.792829
129.100000 3.336940
129.200000 3.987470
129.300000 4.755239
129.400000 5.646574
129.500000 6.660297
129.600000 7.784350
129.700000 8.992619
129.800000 10.242842
129.900000 11.476605
130.000000 12.622361
130.100000 13.601877
130.200000 14.339647
130.300000 14.773723
130.400000 14.865671
130.500000 14.607163
130.600000 14.021447
130.700000 13.159281
130.800000 12.090452
130.900000 10.893080
131.000000 9.643218
131.100000 8.406726
131.200000 7.234470
131.300000 6.160838
131.400000 5.204872
131.500000 4.373005
131.600000 3.662418
131.700000 3.064293
131.800000 2.566550
131.900000 2.155893
132.000000 1.819189
132.100000 1.544300
132.200000 1.320493
132.300000 1.138571
132.400000 0.990834
132.500000 0.870944
132.600000 0.773754
132.700000 0.695123
132.800000 0.631753
132.900000 0.581035
133.000000 0.540926
133.100000 0.509849
133.200000 0.486605
133.300000 0.470316
133.400000 0.460377
133.500000 0.456421
133.600000 0.458306
133.700000 0.466098
133.800000 0.480084
133.900000 0.500782
134.000000 0.528969
134.100000 0.565724
134.200000 0.612481
134.300000 0.671109
134.400000 0.744003
134.500000 0.834201
134.600000 0.945528
134.700000 1.082755
134.800000 1.251777
134.900000 1.459795
135.000000 1.715465
135.100000 2.028981
135.200000 2.412015
135.300000 2.877416
135.400000 3.438550
135.500000 4.108126
135.600000 4.896393
135.700000 5.808643
135.800000 6.842108
135.900000 7.982569
136.000000 9.201303
136.100000 10.453258
136.200000 11.677507
136.300000 12.800837
136.400000 13.744753
136.500000 14.435262
136.600000 14.813736
136.700000 14.846466
136.800000 14.530485
136.900000 13.894092
137.000000 12.991931
137.100000 11.895959
137.200000 10.684635
137.300000 9.432782
137.400000 8.203981
137.500000 7.046347
137.600000 5.991551
137.700000 5.056297
137.800000 4.245222
137.900000 3.554281
138.000000 2.973935
138.100000 2.491775
138.200000 2.094451
138.300000 1.768955
138.400000 1.503365
138.500000 1.287202
138.600000 1.111527
138.700000 0.968881
138.800000 0.853139
138.900000 0.759334
139.000000 0.683479
139.100000 0.622402
139.200000 0.573597
139.300000 0.535106
139.400000 0.505420
139.500000 0.483399
139.600000 0.468214
139.700000 0.459300
139.800000 0.456331
139.900000 0.459198
140.000000 0.468006
140.100000 0.483078
140.200000 0.504973
140.300000 0.534516
140.400000 0.572841
140.500000 0.621451
140.600000 0.682294
140.700000 0.757865
140.800000 0.851326
140.900000 0.966645
141.000000 1.108773
141.100000 1.283810
141.200000 1.499194
141.300000 1.763836
141.400000 2.088188
141.500000 2.484148
141.600000 2.964712
141.700000 3.543232
141.800000 4.232148
141.900000 5.041070
142.000000 5.974166
142.100000 7.026977
142.200000 8.183040
142.300000 9.410964
142.400000 10.662919
142.500000 11.875569
142.600000 12.974231
142.700000 13.880429
142.800000 14.521996
142.900000 14.843901
143.000000 14.817328
143.100000 14.444686
143.200000 13.759183
143.300000 12.819087
143.400000 11.698214
143.500000 10.475071
143.600000 9.223035
143.700000 8.003286
143.800000 6.861166
143.900000 5.825672
144.000000 4.911253
144.100000 4.120848
144.200000 3.449277
144.300000 2.886355
144.400000 2.419396
144.500000 2.035037
144.600000 1.720412
144.700000 1.463823
144.800000 1.255052
144.900000 1.085414
145.000000 0.947687
145.100000 0.835951
145.200000 0.745419
145.300000 0.672252
145.400000 0.613397
145.500000 0.566450
145.600000 0.529534
145.700000 0.501208
145.800000 0.480386
145.900000 0.466288
146.000000 0.458391
146.100000 0.456404
146.200000 0.460257
146.300000 0.470090
146.400000 0.486263
146.500000 0.509379
146.600000 0.540310
146.700000 0.580248
146.800000 0.630765
146.900000 0.693894
147.000000 0.772232
147.100000 0.869066
147.200000 0.988518
147.300000 1.135718
147.400000 1.316981
147.500000 1.539983
147.600000 1.813892
147.700000 2.149416
147.800000 2.558672
147.900000 3.054778
148.000000 3.651041
148.100000 4.359576
148.200000 5.189279
148.300000 6.143101
148.400000 7.214800
148.500000 8.385581
148.600000 9.621340
148.700000 10.871496
148.800000 12.070417
148.900000 13.142169
149.000000 14.008582
149.100000 14.599631
149.200000 14.864141
149.300000 14.778334
149.400000 14.349983
149.500000 13.617040
149.600000 12.641120
149.700000 11.497590
149.800000 10.264719
149.900000 9.014237
150.000000 7.804825
150.100000 6.679033
150.200000 5.663243
150.300000 4.769734
150.400000 3.999845
150.500000 3.347351
150.600000 2.801489
150.700000 2.349352
150.800000 1.977593
150.900000 1.673506
151.000000 1.425630
151.100000 1.224005
151.200000 1.060201
151.300000 0.927224
151.400000 0.819361
151.500000 0.731994
151.600000 0.661427
151.700000 0.604727
151.800000 0.559585
151.900000 0.524204
152.000000 0.497207
152.100000 0.477563
152.200000 0.464537
152.300000 0.457648
152.400000 0.456643
152.500000 0.461485
152.600000 0.472352
152.700000 0.489644
152.800000 0.514005
152.900000 0.546358
153.000000 0.587954
153.100000 0.640435
153.200000 0.705923
153.300000 0.787120
153.400000 0.887443
153.500000 1.011172
153.600000 1.163624
153.700000 1.351329
153.800000 1.582207
153.900000 1.865686
154.000000 2.212727
154.100000 2.635651
154.200000 3.147680
154.300000 3.762031
154.400000 4.490443
154.500000 5.341017
154.600000 6.315398
154.700000 7.405460
154.800000 8.589998
154.900000 9.832160
155.000000 11.078649
155.100000 12.261675
155.200000 13.304283
155.300000 14.128907
155.400000 14.667969
155.500000 14.874401
155.600000 14.729584
155.700000 14.246612
155.800000 13.467995
155.900000 12.458409
156.000000 11.294456
156.100000 10.053900
156.200000 8.806639
156.300000 7.608765
156.400000 6.500043
156.500000 5.504295
156.600000 4.631726
156.700000 3.882171
156.800000 3.248444
156.900000 2.719274
157.000000 2.281579
157.100000 1.922058
157.200000 1.628185
157.300000 1.388741
157.400000 1.194024
157.500000 1.035856
157.600000 0.907470
157.700000 0.803349
157.800000 0.719042
157.900000 0.650993
158.000000 0.596383
158.100000 0.552995
158.200000 0.519110
158.300000 0.493413
158.400000 0.474926
158.500000 0.462959
158.600000 0.457071
158.700000 0.457046
158.800000 0.462883
158.900000 0.474796
159.000000 0.493225
159.100000 0.518856
159.200000 0.552666
159.300000 0.595966
159.400000 0.650471
159.500000 0.718394
159.600000 0.802547
159.700000 0.906480
159.800000 1.034636
159.900000 1.192522
160.000000 1.386893
160.100000 1.625914
160.200000 1.919275
160.300000 2.278180
160.400000 2.715149
160.500000 3.243477
160.600000 3.876255
160.700000 4.624778
160.800000 5.496279
160.900000 6.490995
161.000000 7.598828
161.100000 8.796082
161.200000 10.043135
161.300000 11.284030
161.400000 12.448966
161.500000 13.460211
161.600000 14.241110
161.700000 14.726837
161.800000 14.874657
161.900000 14.671204
162.000000 14.134831
162.100000 13.312392
162.200000 12.271332
162.300000 11.089175
162.400000 9.842924
162.500000 8.600475
162.600000 7.415263
162.700000 6.324279
162.800000 5.348855
162.900000 4.497213
163.000000 3.767781
163.100000 3.152497
163.200000 2.639646
163.300000 2.216014
163.400000 1.868377
163.500000 1.584401
163.600000 1.353114
163.700000 1.165074
163.800000 1.012350
163.900000 0.888399
164.000000 0.787894
164.100000 0.706548
164.200000 0.640938
164.300000 0.588355
164.400000 0.546674
164.500000 0.514247
164.600000 0.489822
164.700000 0.472473
164.800000 0.461552
164.900000 0.456659
165.000000 0.457614
165.100000 0.464452
165.200000 0.477424
165.300000 0.497008
165.400000 0.523938
165.500000 0.559242
165.600000 0.604293
165.700000 0.660885
165.800000 0.731322
165.900000 0.818530
166.000000 0.926199
166.100000 1.058938
166.200000 1.222450
166.300000 1.423717
166.400000 1.671155
166.500000 1.974713
166.600000 2.345839
166.700000 2.797230
166.800000 3.342231
166.900000 3.993760
167.000000 4.762606
167.100000 5.655047
167.200000 6.669823
167.300000 7.794761
167.400000 9.003613
167.500000 10.253970
167.600000 11.487282
167.700000 12.631909
167.800000 13.609599
167.900000 14.344916
168.000000 14.776081
168.100000 14.864906
168.200000 14.603345
168.300000 14.014914
168.400000 13.150585
168.500000 12.080266
168.600000 10.882104
168.700000 9.632090
168.800000 8.395968
168.900000 7.224462
169.000000 6.151812
169.100000 5.196936
169.200000 4.366170
169.300000 3.656627
169.400000 3.059450
169.500000 2.562540
169.600000 2.152596
169.700000 1.816492
169.800000 1.542102
169.900000 1.318705
170.000000 1.137119
170.100000 0.989655
170.200000 0.869988
170.300000 0.772979
170.400000 0.694497
170.500000 0.631250
170.600000 0.580634
170.700000 0.540613
170.800000 0.509609
170.900000 0.486431
171.000000 0.470201
171.100000 0.460316
171.200000 0.456413
171.300000 0.458349
171.400000 0.466194
171.500000 0.480238
171.600000 0.500998
171.700000 0.529256
171.800000 0.566092
171.900000 0.612946
172.000000 0.671690
172.100000 0.744723
172.200000 0.835091
172.300000 0.946625
172.400000 1.084106
172.500000 1.253441
172.600000 1.461842
172.700000 1.717979
172.800000 2.032059
172.900000 2.415766
173.000000 2.881959
173.100000 3.444002
173.200000 4.114592
173.300000 4.903946
173.400000 5.817300
173.500000 6.851797
173.600000 7.993104
173.700000 9.212355
173.800000 10.464354
173.900000 11.688043
174.000000 12.810126
174.100000 13.752102
174.200000 14.440067
174.300000 14.815576
174.400000 14.845175
174.500000 14.526179
174.600000 13.887153
174.700000 12.982936
174.800000 11.885592
174.900000 10.673591
175.000000 9.421684
175.100000 8.193327
175.200000 7.036491
175.300000 5.982704
175.400000 5.048548
175.500000 4.238568
175.600000 3.548657
175.700000 2.969240
175.800000 2.487892
175.900000 2.091262
176.000000 1.766349
176.100000 1.501242
176.200000 1.285475
176.300000 1.110125
176.400000 0.967743
176.500000 0.852216
176.600000 0.758586
176.700000 0.682876
176.800000 0.621918
176.900000 0.573212
177.000000 0.534806
177.100000 0.505192
177.200000 0.483235
177.300000 0.468108
177.400000 0.459248
177.500000 0.456330
177.600000 0.459249
177.700000 0.468111
177.800000 0.483241
177.900000 0.505200
178.000000 0.534816
178.100000 0.573225
178.200000 0.621934
178.300000 0.682896
178.400000 0.758612
178.500000 0.852247
178.600000 0.967782
178.700000 1.110172
178.800000 1.285534
178.900000 1.501314
179.000000 1.766437
179.100000 2.091371
179.200000 2.488024
179.300000 2.969399
179.400000 3.548847
179.500000 4.238793
179.600000 5.048811
179.700000 5.983004
179.800000 7.036825
179.900000 8.193688
180.000000 9.422060
180.100000 10.673966
180.200000 11.885944
180.300000 12.983241
180.400000 13.887389
180.500000 14.526326
180.600000 14.845219
180.700000 14.815514
180.800000 14.439904
180.900000 13.751853
181.000000 12.809811
181.100000 11.687686
181.200000 10.463977
181.300000 9.211980
181.400000 7.992746
181.500000 6.851468
181.600000 5.817006
181.700000 4.903690
181.800000 4.114373
181.900000 3.443817
182.000000 2.881805
182.100000 2.415639
182.200000 2.031954
182.300000 1.717893
182.400000 1.461773
182.500000 1.253385
182.600000 1.084060
182.700000 0.946588
182.800000 0.835060
182.900000 0.744698
183.000000 0.671670
183.100000 0.612930
183.200000 0.566080
183.300000 0.529247
183.400000 0.500991
183.500000 0.480232
183.600000 0.466191
183.700000 0.458347
183.800000 0.456413
183.900000 0.460318
184.000000 0.470205
184.100000 0.486437
184.200000 0.509618
184.300000 0.540623
184.400000 0.580648
184.500000 0.631267
184.600000 0.694519
184.700000 0.773005
184.800000 0.870020
184.900000 0.989695
185.000000 1.137168
185.100000 1.318766
185.200000 1.542177
185.300000 1.816584
185.400000 2.152707
185.500000 2.562676
185.600000 3.059614
185.700000 3.656823
185.800000 4.366402
185.900000 5.197205
186.000000 6.152118
186.100000 7.224801
186.200000 8.396333
186.300000 9.632467
186.400000 10.882476
186.500000 12.080612
186.600000 13.150881
186.700000 14.015136
186.800000 14.603475
186.900000 14.864933
187.000000 14.776002
187.100000 14.344737
187.200000 13.609337
187.300000 12.631585
187.400000 11.486920
187.500000 10.253592
187.600000 9.003240
187.700000 7.794407
187.800000 6.669499
187.900000 5.654760
188.000000 4.762356
188.100000 3.993546
188.200000 3.342051
188.300000 2.797081
188.400000 2.345716
188.500000 1.974612
188.600000 1.671073
188.700000 1.423650
188.800000 1.222395
188.900000 1.058893
189.000000 0.926163
189.100000 0.818501
189.200000 0.731298
189.300000 0.660866
189.400000 0.604278
189.500000 0.559230
189.600000 0.523929
189.700000 0.497001
189.800000 0.477419
189.900000 0.464449
190.000000 0.457613
190.100000 0.456660
190.200000 0.461555
190.300000 0.472477
190.400000 0.489828
190.500000 0.514256
190.600000 0.546685
190.700000 0.588369
190.800000 0.640956
190.900000 0.706570
191.000000 0.787921
191.100000 0.888432
191.200000 1.012391
191.300000 1.165125
191.400000 1.353176
191.500000 1.584478
191.600000 1.868471
191.700000 2.216130
191.800000 2.639786
191.900000 3.152667
192.000000 3.767983
192.100000 4.497451
192.200000 5.349130
192.300000 6.324591
192.400000 7.415608
192.500000 8.600843
192.600000 9.843302
192.700000 11.089545
192.800000 12.271671
192.900000 13.312677
193.000000 14.135039
193.100000 14.671317
193.200000 14.874665
193.300000 14.726740
193.400000 14.240916
193.500000 13.459937
193.600000 12.448634
193.700000 11.283663
193.800000 10.042757
193.900000 8.795711
194.000000 7.598479
194.100000 6.490678
194.200000 5.495997
194.300000 4.624534
194.400000 3.876047
194.500000 3.243303
194.600000 2.715004
194.700000 2.278061
194.800000 1.919177
194.900000 1.625835
195.000000 1.386828
195.100000 1.192470
195.200000 1.034593
195.300000 0.906445
195.400000 0.802518
195.500000 0.718371
195.600000 0.650453
195.700000 0.595951
195.800000 0.552655
195.900000 0.518848
196.000000 0.493218
196.100000 0.474792
196.200000 0.462881
196.300000 0.457045
196.400000 0.457072
196.500000 0.462962
196.600000 0.474930
196.700000 0.493419
196.800000 0.519119
196.900000 0.553007
197.000000 0.596398
197.100000 0.651012
197.200000 0.719065
197.300000 0.803377
197.400000 0.907504
197.500000 1.035899
197.600000 1.194077
197.700000 1.388806
197.800000 1.628265
197.900000 1.922156
198.000000 2.281698
198.100000 2.719419
198.200000 3.248619
198.300000 3.882379
198.400000 4.631971
198.500000 5.504577
198.600000 6.500361
198.700000 7.609114
198.800000 8.807010
198.900000 10.054278
199.000000 11.294822
199.100000 12.458741
199.200000 13.468268
199.300000 14.246805
199.400000 14.729680
199.500000 14.874392
199.600000 14.667855
199.700000 14.128698
199.800000 13.303998
199.900000 12.261336
200.000000 11.078279
200.100000 9.831781
200.200000 8.589630
200.300000 7.405116
200.400000 6.315086
200.500000 5.340742
200.600000 4.490205
200.700000 3.761829
200.800000 3.147510
200.900000 2.635510
201.000000 2.212611
201.100000 1.865592
201.200000 1.582130
201.300000 1.351266
201.400000 1.163573
201.500000 1.011131
201.600000 0.887410
201.700000 0.787093
201.800000 0.705901
201.900000 0.640417
202.000000 0.587940
202.100000 0.546347
202.200000 0.513997
202.300000 0.489638
202.400000 0.472348
202.500000 0.461483
202.600000 0.456642
202.700000 0.457649
202.800000 0.464540
202.900000 0.477568
203.000000 0.497213
203.100000 0.524213
203.200000 0.559597
203.300000 0.604742
203.400000 0.661446
203.500000 0.732018
203.600000 0.819390
203.700000 0.927260
203.800000 1.060245
203.900000 1.224060
204.000000 1.425698
204.100000 1.673588
204.200000 1.977694
204.300000 2.349476
204.400000 2.801639
204.500000 3.347531
204.600000 4.000059
204.700000 4.769984
204.800000 5.663531
204.900000 6.679357
205.000000 7.805178
205.100000 9.014611
205.200000 10.265097
205.300000 11.497952
205.400000 12.641444
205.500000 13.617301
205.600000 14.350160
205.700000 14.778412
205.800000 14.864113
205.900000 14.599500
206.000000 14.008360
206.100000 13.141873
206.200000 12.070071
206.300000 10.871123
206.400000 9.620963
206.500000 8.385216
206.600000 7.214461
206.700000 6.142795
206.800000 5.189010
206.900000 4.359344
207.000000 3.650845
207.100000 3.054615
207.200000 2.558536
207.300000 2.149304
207.400000 1.813801
207.500000 1.539908
207.600000 1.316921
207.700000 1.135669
207.800000 0.988478
207.900000 0.869033
208.000000 0.772206
208.100000 0.693873
208.200000 0.630748
208.300000 0.580235
208.400000 0.540300
208.500000 0.509371
208.600000 0.486257
208.700000 0.470086
208.800000 0.460255
208.900000 0.456404
209.000000 0.458392
209.100000 0.466291
209.200000 0.480392
209.300000 0.501215
209.400000 0.529544
209.500000 0.566462
209.600000 0.613412
209.700000 0.672271
209.800000 0.745444
209.900000 0.835982
210.000000 0.947724
210.100000 1.085460
210.200000 1.255108
210.300000 1.463893
210.400000 1.720497
210.500000 2.035142
210.600000 2.419524
210.700000 2.886509
210.800000 3.449463
210.900000 4.121068
211.000000 4.911510
211.100000 5.825966
211.200000 6.861495
211.300000 8.003644
211.400000 9.223410
211.500000 10.475448
211.600000 11.698571
211.700000 12.819401
211.800000 13.759432
211.900000 14.444848
212.000000 14.817389
212.100000 14.843856
212.200000 14.521848
212.300000 13.880192
212.400000 12.973925
212.500000 11.875216
212.600000 10.662544
212.700000 9.410587
212.800000 8.182679
212.900000 7.026643
213.000000 5.973866
213.100000 5.040808
213.200000 4.231923
213.300000 3.543041
213.400000 2.964553
213.500000 2.484016
213.600000 2.088080
213.700000 1.763748
213.800000 1.499122
213.900000 1.283752
214.000000 1.108725
214.100000 0.966607
214.200000 0.851294
214.300000 0.757840
214.400000 0.682274
214.500000 0.621434
214.600000 0.572828
214.700000 0.534506
214.800000 0.504965
214.900000 0.483072
215.000000 0.468002
215.100000 0.459196
215.200000 0.456331
215.300000 0.459302
215.400000 0.468217
215.500000 0.483405
215.600000 0.505428
215.700000 0.535116
215.800000 0.573610
215.900000 0.622418
216.000000 0.683500
216.100000 0.759359
216.200000 0.853170
216.300000 0.968920
216.400000 1.111575
216.500000 1.287260
216.600000 1.503437
216.700000 1.769043
216.800000 2.094559
216.900000 2.491906
217.000000 2.974094
217.100000 3.554472
217.200000 4.245448
217.300000 5.056560
217.400000 5.991852
217.500000 7.046681
217.600000 8.204342
217.700000 9.433159
217.800000 10.685010
217.900000 11.896311
218.000000 12.992236
218.100000 13.894328
218.200000 14.530631
218.300000 14.846509
218.400000 14.813673
218.500000 14.435098
218.600000 13.744503
218.700000 12.800522
218.800000 11.677150
218.900000 10.452881
219.000000 9.200928
219.100000 7.982212
219.200000 6.841779
219.300000 5.808349
219.400000 4.896136
219.500000 4.107907
219.600000 3.438365
219.700000 2.877262
219.800000 2.411888
219.900000 2.028877
220.000000 1.715380
220.100000 1.459726
220.200000 1.251721
220.300000 1.082709
220.400000 0.945491
220.500000 0.834171
220.600000 0.743978
220.700000 0.671089
220.800000 0.612465
220.900000 0.565711
221.000000 0.528960
221.100000 0.500775
221.200000 0.480079
221.300000 0.466095
221.400000 0.458304
221.500000 0.456422
221.600000 0.460379
221.700000 0.470320
221.800000 0.486611
221.900000 0.509857
222.000000 0.540937
222.100000 0.581048
222.200000 0.631770
222.300000 0.695144
222.400000 0.773780
222.500000 0.870977
222.600000 0.990874
222.700000 1.138620
222.800000 1.320553
222.900000 1.544375
223.000000 1.819280
223.100000 2.156005
223.200000 2.566687
223.300000 3.064458
223.400000 3.662615
223.500000 4.373238
223.600000 5.205142
223.700000 6.161145
223.800000 7.234810
223.900000 8.407091
224.000000 9.643595
224.100000 10.893453
224.200000 12.090798
224.300000 13.159576
224.400000 14.021669
224.500000 14.607293
224.600000 14.865697
224.700000 14.773643
224.800000 14.339468
224.900000 13.601615
225.000000 12.622036
225.100000 11.476243
225.200000 10.242464
225.300000 8.992246
225.400000 7.783996
225.500000 6.659974
225.600000 5.646286
225.700000 4.754989
225.800000 3.987257
225.900000 3.336761
226.000000 2.792680
226.100000 2.342086
226.200000 1.971637
226.300000 1.668644
226.400000 1.421672
226.500000 1.220788
226.600000 1.057588
226.700000 0.925104
226.800000 0.817643
226.900000 0.730604
227.000000 0.660307
227.100000 0.603830
227.200000 0.558876
227.300000 0.523655
227.400000 0.496796
227.500000 0.477276
227.600000 0.464362
227.700000 0.457579
227.800000 0.456678
227.900000 0.461625
228.000000 0.472602
228.100000 0.490013
228.200000 0.514507
228.300000 0.547012
228.400000 0.588785
228.500000 0.641478
228.600000 0.707219
228.700000 0.788724
228.800000 0.889423
228.900000 1.013612
229.000000 1.166629
229.100000 1.355028
229.200000 1.586753
229.300000 1.871262
229.400000 2.219539
229.500000 2.643929
229.600000 3.157662
229.700000 3.773944
229.800000 4.504470
229.900000 5.357253
230.000000 6.333793
230.100000 7.425762
230.200000 8.611694
230.300000 9.854445
230.400000 11.100435
230.500000 12.281655
230.600000 13.321054
230.700000 14.141149
230.800000 14.674638
230.900000 14.874901
231.000000 14.723869
231.100000 14.235196
231.200000 13.451861
231.300000 12.438846
231.400000 11.272865
231.500000 10.031614
231.600000 8.784788
231.700000 7.588200
231.800000 6.481321
231.900000 5.487709
232.000000 4.617352
232.100000 3.869932
232.200000 3.238169
232.300000 2.710741
232.400000 2.274549
232.500000 1.916301
232.600000 1.623488
232.700000 1.384919
232.800000 1.190918
232.900000 1.033333
233.000000 0.905423
233.100000 0.801690
233.200000 0.717701
233.300000 0.649913
233.400000 0.595520
233.500000 0.552315
233.600000 0.518586
233.700000 0.493024
233.800000 0.474658
233.900000 0.462802
234.000000 0.457020
234.100000 0.457098
234.200000 0.463041
234.300000 0.475065
234.400000 0.493615
234.500000 0.519382
234.600000 0.553348
234.700000 0.596830
234.800000 0.651553
234.900000 0.719737
235.000000 0.804208
235.100000 0.908531
235.200000 1.037163
235.300000 1.195635
235.400000 1.390723
235.500000 1.630620
235.600000 1.925043
235.700000 2.285223
235.800000 2.723697
235.900000 3.253769
236.000000 3.888512
236.100000 4.639173
236.200000 5.512886
236.300000 6.509736
236.400000 7.619408
236.500000 8.817942
236.600000 10.065420
236.700000 11.305608
236.800000 12.468504
236.900000 13.476307
237.000000 14.252477
237.100000 14.732496
237.200000 14.874099
237.300000 14.664480
237.400000 14.122543
237.500000 13.295586
237.600000 12.251329
237.700000 11.067378
237.800000 9.820639
237.900000 8.578789
238.000000 7.394977
238.100000 6.305902
238.200000 5.332639
238.300000 4.483206
238.400000 3.755887
238.500000 3.142532
238.600000 2.631382
238.700000 2.209214
238.800000 1.862812
238.900000 1.579863
239.000000 1.349422
239.100000 1.162074
239.200000 1.009915
239.300000 0.886423
239.400000 0.786293
239.500000 0.705254
239.600000 0.639898
239.700000 0.587525
239.800000 0.546021
239.900000 0.513747
240.000000 0.489454
240.100000 0.472224
240.200000 0.461414
240.300000 0.456625
240.400000 0.457684
240.500000 0.464628
240.600000 0.477712
240.700000 0.497420
240.800000 0.524489
240.900000 0.559953
241.000000 0.605192
241.100000 0.662008
241.200000 0.732715
241.300000 0.820252
241.400000 0.928323
241.500000 1.061555
241.600000 1.225673
241.700000 1.427682
241.800000 1.676026
241.900000 1.980680
242.000000 2.353118
242.100000 2.806055
242.200000 3.352839
242.300000 4.006367
242.400000 4.777372
242.500000 5.672024
242.600000 6.688899
242.700000 7.815603
242.800000 9.025612
242.900000 10.276222
243.000000 11.508615
243.100000 12.650966
243.200000 13.624984
243.300000 14.355381
243.400000 14.780716
243.500000 14.863293
243.600000 14.595629
243.700000 14.001783
243.800000 13.133144
243.900000 12.059865
244.000000 10.860139
244.100000 9.609837
244.200000 8.374470
244.300000 7.204468
244.400000 6.133787
244.500000 5.181093
244.600000 4.352528
244.700000 3.645071
244.800000 3.049787
244.900000 2.554539
245.000000 2.146019
245.100000 1.811114
245.200000 1.537718
245.300000 1.315140
245.400000 1.134222
245.500000 0.987304
245.600000 0.868081
245.700000 0.771434
245.800000 0.693250
245.900000 0.630247
246.000000 0.579836
246.100000 0.539987
246.200000 0.509133
246.300000 0.486084
246.400000 0.469971
246.500000 0.460195
246.600000 0.456396
246.700000 0.458436
246.800000 0.466389
246.900000 0.480546
247.000000 0.501432
247.100000 0.529832
247.200000 0.566832
247.300000 0.613880
247.400000 0.672854
247.500000 0.746166
247.600000 0.836874
247.700000 0.948825
247.800000 1.086817
247.900000 1.256779
248.000000 1.465948
248.100000 1.723020
248.200000 2.038231
248.300000 2.423288
248.400000 2.891067
248.500000 3.454932
248.600000 4.127553
248.700000 4.919083
248.800000 5.834643
248.900000 6.871201
249.000000 8.014191
249.100000 9.234467
249.200000 10.486539
249.300000 11.709091
249.400000 12.828662
249.500000 13.766741
249.600000 14.449604
249.700000 14.819175
249.800000 14.842509
249.900000 14.517492
250.000000 13.873210
250.100000 12.964899
250.200000 11.864831
250.300000 10.651494
250.400000 9.399492
250.500000 8.172037
250.600000 7.016804
250.700000 5.965037
250.800000 5.033078
250.900000 4.225287
251.000000 3.537434
251.100000 2.959873
251.200000 2.480147
251.300000 2.084903
251.400000 1.761151
251.500000 1.497007
251.600000 1.282032
251.700000 1.107328
251.800000 0.965473
251.900000 0.850375
252.000000 0.757096
252.100000 0.681673
252.200000 0.620952
252.300000 0.572445
252.400000 0.534207
252.500000 0.504738
252.600000 0.482909
252.700000 0.467897
252.800000 0.459145
252.900000 0.456331
253.000000 0.459354
253.100000 0.468324
253.200000 0.483569
253.300000 0.505656
253.400000 0.535418
253.500000 0.573995
253.600000 0.622903
253.700000 0.684104
253.800000 0.760108
253.900000 0.854095
254.000000 0.970060
254.100000 1.112980
254.200000 1.288990
254.300000 1.505564
254.400000 1.771654
254.500000 2.097754
254.600000 2.495796
254.700000 2.978797
254.800000 3.560105
254.900000 4.252113
255.000000 5.064320
255.100000 6.000709
255.200000 7.056546
255.300000 8.215002
255.400000 9.444259
255.500000 10.696051
255.600000 11.906668
255.700000 13.001216
255.800000 13.901246
255.900000 14.534910
256.000000 14.847772
256.100000 14.811804
256.200000 14.430267
256.300000 13.737133
256.400000 12.791218
256.500000 11.666605
256.600000 10.441783
256.700000 9.189878
256.800000 7.971684
256.900000 6.832099
257.000000 5.799702
257.100000 4.888593
257.200000 4.101450
257.300000 3.432922
257.400000 2.872727
257.500000 2.408143
257.600000 2.025805
257.700000 1.712871
257.800000 1.457682
257.900000 1.250060
258.000000 1.081360
258.100000 0.944396
258.200000 0.833283
258.300000 0.743260
258.400000 0.670510
258.500000 0.612001
258.600000 0.565343
258.700000 0.528673
258.800000 0.500560
258.900000 0.479926
259.000000 0.465999
259.100000 0.458262
259.200000 0.456431
259.300000 0.460441
259.400000 0.470436
259.500000 0.486786
259.600000 0.510097
259.700000 0.541251
259.800000 0.581449
259.900000 0.632274
260.000000 0.695771
260.100000 0.774556
260.200000 0.871935
260.300000 0.992055
260.400000 1.140075
260.500000 1.322345
260.600000 1.546577
260.700000 1.821982
260.800000 2.159308
260.900000 2.570704
261.000000 3.069309
261.100000 3.668415
261.200000 4.380083
261.300000 5.213088
261.400000 6.170180
261.500000 7.244827
261.600000 8.417853
261.700000 9.654725
261.800000 10.904425
261.900000 12.100973
262.000000 13.168255
262.100000 14.028179
262.200000 14.611084
262.300000 14.866433
262.400000 14.771256
262.500000 14.334174
262.600000 13.593873
262.700000 12.612475
262.800000 11.465559
262.900000 10.231335
263.000000 8.981255
263.100000 7.773592
263.200000 6.650458
263.300000 5.637823
263.400000 4.747631
263.500000 3.980977
263.600000 3.331478
263.700000 2.788286
263.800000 2.338463
263.900000 1.968667
264.000000 1.666220
264.100000 1.419699
264.200000 1.219184
264.300000 1.056286
264.400000 0.924047
264.500000 0.816786
264.600000 0.729911
264.700000 0.659748
264.800000 0.603383
264.900000 0.558523
265.000000 0.523381
265.100000 0.496592
265.200000 0.477133
265.300000 0.464276
265.400000 0.457545
265.500000 0.456696
265.600000 0.461695
265.700000 0.472728
265.800000 0.490198
265.900000 0.514759
266.000000 0.547340
266.100000 0.589203
266.200000 0.642001
266.300000 0.707869
266.400000 0.789528
266.500000 0.890415
266.600000 1.014836
266.700000 1.168136
266.800000 1.356882
266.900000 1.589032
267.000000 1.874057
267.100000 2.222954
267.200000 2.648078
267.300000 3.162665
267.400000 3.779914
267.500000 4.511498
267.600000 5.365386
267.700000 6.343005
267.800000 7.435924
267.900000 8.622549
268.000000 9.865588
268.100000 11.111321
268.200000 12.291628
268.300000 13.329413
268.400000 14.147235
268.500000 14.677933
268.600000 14.875109
268.700000 14.720971
268.800000 14.229453
268.900000 13.443766
269.000000 12.429046
269.100000 11.262061
269.200000 10.020471
269.300000 8.773869
269.400000 7.577928
269.500000 6.471974
269.600000 5.479430
269.700000 4.610179
269.800000 3.863827
269.900000 3.233044
270.000000 2.706485
270.100000 2.271044
270.200000 1.913430
270.300000 1.621146
270.400000 1.383013
270.500000 1.189369
270.600000 1.032076
270.700000 0.904403
270.800000 0.800863
270.900000 0.717032
271.000000 0.649375
271.100000 0.595090
271.200000 0.551976
271.300000 0.518324
271.400000 0.492830
271.500000 0.474525
271.600000 0.462725
271.700000 0.456995
271.800000 0.457125
271.900000 0.463120
272.000000 0.475200
272.100000 0.493810
272.200000 0.519646
272.300000 0.553690
272.400000 0.597264
272.500000 0.652096
272.600000 0.720411
272.700000 0.805042
272.800000 0.909559
272.900000 1.038430
273.000000 1.197195
273.100000 1.392643
273.200000 1.632980
273.300000 1.927935
273.400000 2.288753
273.500000 2.727981
273.600000 3.258927
273.700000 3.894655
273.800000 4.646385
273.900000 5.521204
274.000000 6.519119
274.100000 7.629708
274.200000 8.828877
274.300000 10.076562
274.400000 11.316389
274.500000 12.478255
274.600000 13.484328
274.700000 14.258126
274.800000 14.735285
274.900000 14.873779
275.000000 14.661079
275.100000 14.116364
275.200000 13.287157
275.300000 12.241311
275.400000 11.056473
275.500000 9.809498
275.600000 8.567953
275.700000 7.384845
275.800000 6.296728
275.900000 5.324546
276.000000 4.476217
276.100000 3.749953
276.200000 3.137561
276.300000 2.627261
276.400000 2.205823
276.500000 1.860037
276.600000 1.577600
276.700000 1.347581
276.800000 1.160579
276.900000 1.008700
277.000000 0.885438
277.100000 0.785495
277.200000 0.704609
277.300000 0.639379
277.400000 0.587111
277.500000 0.545696
277.600000 0.513497
277.700000 0.489271
277.800000 0.472101
277.900000 0.461345
278.000000 0.456609
278.100000 0.457720
278.200000 0.464717
278.300000 0.477857
278.400000 0.497626
278.500000 0.524765
278.600000 0.560309
278.700000 0.605643
278.800000 0.662571
278.900000 0.733413
279.000000 0.821116
279.100000 0.929388
279.200000 1.062867
279.300000 1.227289
279.400000 1.429670
279.500000 1.678468
279.600000 1.983671
279.700000 2.356767
279.800000 2.810478
279.900000 3.358155
280.000000 4.012684
280.100000 4.784769
280.200000 5.680526
280.300000 6.698451
280.400000 7.826034
280.500000 9.036616
280.600000 10.287346
280.700000 11.519271
280.800000 12.660474
280.900000 13.632648
281.000000 14.360577
281.100000 14.782993
281.200000 14.862444
281.300000 14.591733
281.400000 13.995184
281.500000 13.124400
281.600000 12.049649
281.700000 10.849150
281.800000 9.598713
281.900000 8.363728
282.000000 7.194484
282.100000 6.124789
282.200000 5.173187
282.300000 4.345722
282.400000 3.639307
282.500000 3.044968
282.600000 2.550549
282.700000 2.142739
282.800000 1.808432
282.900000 1.535533
283.000000 1.313362
283.100000 1.132778
283.200000 0.986131
283.300000 0.867130
283.400000 0.770664
283.500000 0.692628
283.600000 0.629748
283.700000 0.579438
283.800000 0.539676
283.900000 0.508895
284.000000 0.485911
284.100000 0.469857
284.200000 0.460135
284.300000 0.456389
284.400000 0.458480
284.500000 0.466486
284.600000 0.480701
284.700000 0.501650
284.800000 0.530121
284.900000 0.567204
285.000000 0.614348
285.100000 0.673438
285.200000 0.746890
285.300000 0.837769
285.400000 0.949928
285.500000 1.088176
285.600000 1.258452
285.700000 1.468006
285.800000 1.725547
285.900000 2.041325
286.000000 2.427059
286.100000 2.895632
286.200000 3.460410
286.300000 4.134048
286.400000 4.926666
286.500000 5.843328
286.600000 6.880916
286.700000 8.024743
286.800000 9.245527
286.900000 10.497629
287.000000 11.719603
287.100000 12.837908
287.200000 13.774030
287.300000 14.454335
287.400000 14.820933
287.500000 14.841135
287.600000 14.513110
287.700000 13.866208
287.800000 12.955858
287.900000 11.854438
288.000000 10.640440
288.100000 9.388400
288.200000 8.161400
288.300000 7.006973
288.400000 5.956219
288.500000 5.025358
288.600000 4.218661
288.700000 3.531836
288.800000 2.955201
288.900000 2.476285
289.000000 2.081731
289.100000 1.758560
289.200000 1.494896
289.300000 1.280315
289.400000 1.105934
289.500000 0.964341
289.600000 0.849457
289.700000 0.756352
289.800000 0.681073
289.900000 0.620471
290.000000 0.572063
290.100000 0.533908
290.200000 0.504512
290.300000 0.482747
290.400000 0.467792
290.500000 0.459094
290.600000 0.456333
290.700000 0.459408
290.800000 0.468431
290.900000 0.483734
291.000000 0.505886
291.100000 0.535719
291.200000 0.574382
291.300000 0.623390
291.400000 0.684710
291.500000 0.760858
291.600000 0.855022
291.700000 0.971203
291.800000 1.114387
291.900000 1.290723
292.000000 1.507695
292.100000 1.774270
292.200000 2.100954
292.300000 2.499692
292.400000 2.983508
292.500000 3.565747
292.600000 4.258786
292.700000 5.072090
292.800000 6.009576
292.900000 7.066418
293.000000 8.225667
293.100000 9.455362
293.200000 10.707089
293.300000 11.917017
293.400000 13.010180
293.500000 13.908142
293.600000 14.539164
293.700000 14.849007
293.800000 14.809908
293.900000 14.425411
294.000000 13.729743
294.100000 12.781900
294.200000 11.656053
294.300000 10.430682
294.400000 9.178832
294.500000 7.961163
294.600000 6.822427
294.700000 5.791065
294.800000 4.881059
294.900000 4.095003
295.000000 3.427488
295.100000 2.868200
295.200000 2.404405
295.300000 2.022738
295.400000 1.710367
295.500000 1.455643
295.600000 1.248402
295.700000 1.080013
295.800000 0.943303
295.900000 0.832397
296.000000 0.742543
296.100000 0.669931
296.200000 0.611537
296.300000 0.564976
296.400000 0.528388
296.500000 0.500345
296.600000 0.479774
296.700000 0.465904
296.800000 0.458220
296.900000 0.456441
297.000000 0.460503
297.100000 0.470553
297.200000 0.486961
297.300000 0.510338
297.400000 0.541567
297.500000 0.581851
297.600000 0.632778
297.700000 0.696399
297.800000 0.775334
297.900000 0.872895
298.000000 0.993238
298.100000 1.141533
298.200000 1.324139
298.300000 1.548783
298.400000 1.824688
298.500000 2.162617
298.600000 2.574729
298.700000 3.074168
298.800000 3.674224
298.900000 4.386938
299.000000 5.221044
299.100000 6.179226
299.200000 7.254851
299.300000 8.428621
299.400000 9.665855
299.500000 10.915394
299.600000 12.111138
299.700000 13.176918
299.800000 14.034667
299.900000 14.614850
300.000000 14.867141
300.100000 14.768843
300.200000 14.328856
300.300000 13.586113
300.400000 12.602900
300.500000 11.454868
300.600000 10.220205
300.700000 8.970268
300.800000 7.763195
300.900000 6.640951
301.000000 5.629369
301.100000 4.740283
301.200000 3.974707
301.300000 3.326204
301.400000 2.783900
301.500000 2.334846
301.600000 1.965702
301.700000 1.663800
301.800000 1.417729
301.900000 1.217583
302.000000 1.054986
302.100000 0.922992
302.200000 0.815931
302.300000 0.729219
302.400000 0.659191
302.500000 0.602937
302.600000 0.558170
302.700000 0.523108
302.800000 0.496388
302.900000 0.476990
303.000000 0.464189
303.100000 0.457512
303.200000 0.456714
303.300000 0.461766
303.400000 0.472854
303.500000 0.490384
303.600000 0.515011
303.700000 0.547669
303.800000 0.589621
303.900000 0.642525
304.000000 0.708520
304.100000 0.790334
304.200000 0.891410
304.300000 1.016062
304.400000 1.169645
304.500000 1.358740
304.600000 1.591316
304.700000 1.876857
304.800000 2.226375
304.900000 2.652235
305.000000 3.167676
305.100000 3.785893
305.200000 4.518535
305.300000 5.373528
305.400000 6.352225
305.500000 7.446094
305.600000 8.633408
305.700000 9.876732
305.800000 11.122202
305.900000 12.301590
306.000000 13.337755
306.100000 14.153299
306.200000 14.681202
306.300000 14.875290
306.400000 14.718047
306.500000 14.223687
306.600000 13.435654
306.700000 12.419234
306.800000 11.251251
306.900000 10.009327
307.000000 8.762953
307.100000 7.567663
307.200000 6.462636
307.300000 5.471161
307.400000 4.603016
307.500000 3.857730
307.600000 3.227928
307.700000 2.702237
307.800000 2.267544
307.900000 1.910564
308.000000 1.618808
308.100000 1.381110
308.200000 1.187823
308.300000 1.030820
308.400000 0.903384
308.500000 0.800037
308.600000 0.716365
308.700000 0.648838
308.800000 0.594661
308.900000 0.551638
309.000000 0.518064
309.100000 0.492637
309.200000 0.474392
309.300000 0.462648
309.400000 0.456970
309.500000 0.457152
309.600000 0.463200
309.700000 0.475336
309.800000 0.494007
309.900000 0.519911
310.000000 0.554033
310.100000 0.597699
310.200000 0.652640
310.300000 0.721086
310.400000 0.805877
310.500000 0.910589
310.600000 1.039700
310.700000 1.198759
310.800000 1.394567
310.900000 1.635344
311.000000 1.930832
311.100000 2.292290
311.200000 2.732273
311.300000 3.264093
311.400000 3.900806
311.500000 4.653607
311.600000 5.529532
311.700000 6.528512
311.800000 7.640016
311.900000 8.839817
312.000000 10.087703
312.100000 11.327163
312.200000 12.487993
312.300000 13.492330
312.400000 14.263751
312.500000 14.738048
312.600000 14.873430
312.700000 14.657651
312.800000 14.110164
312.900000 13.278710
313.000000 12.231283
313.100000 11.045562
313.200000 9.798357
313.300000 8.557122
313.400000 7.374721
313.500000 6.287563
313.600000 5.316463
313.700000 4.469238
313.800000 3.744028
313.900000 3.132599
314.000000 2.623147
314.100000 2.202438
